Date (DD/MM/YYYY); Q (m3/s);  P (mm);  PET (mm)
01/01/2010; 91.835; 0; 4.363
02/01/2010; 73.765; 0; 3.879
03/01/2010; 50.46; 0; 3.717
04/01/2010; 42.256; 3.4; 3.826
05/01/2010; 60.85; 20.5; 4.207
06/01/2010; 75.149; 0.7; 4.124
07/01/2010; 100.31; 32.5; 4.07
08/01/2010; 124.15; 0; 3.93
09/01/2010; 128.476; 0; 3.841
10/01/2010; 128.912; 0; 3.81
11/01/2010; 160.968; 1.6; 3.626
12/01/2010; 169.769; 0; 3.939
13/01/2010; 162.89; 1.2; 3.84
14/01/2010; 148.711; 0; 3.698
15/01/2010; 159.055; 0; 3.865
16/01/2010; 165.791; 0; 4.016
17/01/2010; 202.302; 26.8; 4.02
18/01/2010; 221.906; 0; 3.691
19/01/2010; 173.956; 8.8; 3.563
20/01/2010; 153.846; 38.1; 4.3
21/01/2010; 135.527; 0; 4.003
22/01/2010; 113.611; 2; 3.872
23/01/2010; 93.353; 0; 3.908
24/01/2010; 75.845; 0; 3.89
25/01/2010; 58.644; 0; 3.816
26/01/2010; 42.256; 0; 3.581
27/01/2010; 40.636; 4.2; 3.812
28/01/2010; 45.576; 20.7; 3.602
29/01/2010; 82.953; 2.4; 3.762
30/01/2010; 103.868; 3.7; 3.464
31/01/2010; 103.47; 7.1; 3.651
01/02/2010; 100.703; 0; 3.448
02/02/2010; 97.192; 0.2; 3.51
03/02/2010; 90.328; 0; 3.68
04/02/2010; 81.87; 0; 3.107
05/02/2010; 77.949; 11.6; 3.266
06/02/2010; 71.71; 0.6; 3.411
07/02/2010; 82.953; 0; 3.529
08/02/2010; 99.527; 32.8; 3.472
09/02/2010; 109.1; 0; 3.152
10/02/2010; 100.31; 0; 3.2
11/02/2010; 86.607; 0; 3.082
12/02/2010; 75.845; 0; 3.075
13/02/2010; 67.011; 0; 2.97
14/02/2010; 86.607; 0.2; 3.105
15/02/2010; 111.551; 23.2; 3.203
16/02/2010; 141.373; 11.3; 3.005
17/02/2010; 146.401; 5.4; 3.083
18/02/2010; 141.827; 0; 2.929
19/02/2010; 128.04; 0; 3.263
20/02/2010; 108.288; 0; 3.097
21/02/2010; 90.328; 0; 3.215
22/02/2010; 84.407; 16.9; 3.101
23/02/2010; 80.792; 2.6; 2.796
24/02/2010; 114.855; 6.1; 2.948
25/02/2010; 142.281; 0; 3.028
26/02/2010; 147.323; 0; 3.285
27/02/2010; 135.527; 0; 2.495
28/02/2010; 116.94; 0; 2.998
01/03/2010; 100.31; 0; 2.823
02/03/2010; 83.315; 0; 2.989
03/03/2010; 66.351; 0; 2.883
04/03/2010; 56.78; 0; 2.896
05/03/2010; 46.706; 0; 2.895
06/03/2010; 45.576; 0.2; 2.923
07/03/2010; 48.423; 0.4; 2.816
08/03/2010; 50.754; 1.8; 3.022
09/03/2010; 48.423; 3.9; 2.949
10/03/2010; 75.845; 17.4; 3.03
11/03/2010; 121.585; 2.9; 2.62
12/03/2010; 127.171; 1.2; 2.871
13/03/2010; 115.271; 0; 2.631
14/03/2010; 99.527; 1.8; 2.754
15/03/2010; 84.407; 0; 2.979
16/03/2010; 72.393; 0; 2.552
17/03/2010; 62.447; 0; 2.787
18/03/2010; 53.731; 0; 2.636
19/03/2010; 46.14; 0; 2.759
20/03/2010; 55.552; 36.8; 2.823
21/03/2010; 67.342; 0; 2.989
22/03/2010; 73.078; 12.1; 2.574
23/03/2010; 64.061; 0; 2.432
24/03/2010; 52.83; 0.1; 2.605
25/03/2010; 49.874; 1.2; 2.165
26/03/2010; 48.423; 0.4; 2.867
27/03/2010; 61.168; 0.1; 2.502
28/03/2010; 80.077; 3; 2.285
29/03/2010; 96.033; 19.7; 2.631
30/03/2010; 97.192; 0.1; 2.774
31/03/2010; 93.353; 0; 2.357
01/04/2010; 89.205; 0; 2.727
02/04/2010; 81.51; 0; 2.421
03/04/2010; 75.845; 0; 2.597
04/04/2010; 125.441; 2.4; 2.572
05/04/2010; 137.315; 1.6; 2.147
06/04/2010; 139.563; 0.8; 2.029
07/04/2010; 134.637; 0.8; 1.872
08/04/2010; 129.786; 1.3; 2.43
09/04/2010; 120.31; 0; 2.359
10/04/2010; 108.693; 0; 2.018
11/04/2010; 100.31; 0; 2.278
12/04/2010; 85.504; 0; 2.325
13/04/2010; 71.71; 0; 1.589
14/04/2010; 61.806; 0; 1.966
15/04/2010; 50.754; 0; 1.678
16/04/2010; 39.571; 0; 1.473
17/04/2010; 32.454; 0; 1.968
18/04/2010; 31.007; 0; 2.18
19/04/2010; 30.531; 0; 2.008
20/04/2010; 30.531; 5.5; 2.158
21/04/2010; 28.889; 4.1; 2.148
22/04/2010; 30.531; 0.9; 1.842
23/04/2010; 60.533; 23.2; 1.913
24/04/2010; 75.497; 1.6; 1.945
25/04/2010; 70.692; 3; 1.662
26/04/2010; 97.967; 17.7; 1.472
27/04/2010; 141.827; 8.7; 1.752
28/04/2010; 156.205; 0; 1.807
29/04/2010; 162.408; 0; 2.099
30/04/2010; 156.679; 0; 1.746
01/05/2010; 135.527; 0.2; 1.454
02/05/2010; 121.159; 0; 1.532
03/05/2010; 103.47; 0; 1.33
04/05/2010; 91.835; 9.2; 1.72
05/05/2010; 85.504; 4.8; 1.183
06/05/2010; 73.421; 0.1; 1.817
07/05/2010; 58.02; 0; 1.599
08/05/2010; 57.709; 0.6; 1.5
09/05/2010; 86.977; 13.9; 1.483
10/05/2010; 122.011; 1.6; 1.487
11/05/2010; 145.022; 14.8; 1.055
12/05/2010; 158.103; 8.2; 1.388
13/05/2010; 184.027; 9.4; 1.278
14/05/2010; 230.481; 0.1; 1.333
15/05/2010; 263.423; 0; 1.058
16/05/2010; 281.159; 0; 1.167
17/05/2010; 289.323; 0; 1.239
18/05/2010; 215.22; 3.6; 1.273
19/05/2010; 196.066; 24.2; 1.308
20/05/2010; 178.22; 0.3; 1.333
21/05/2010; 172.552; 3.8; 1.586
22/05/2010; 156.205; 0.6; 1.244
23/05/2010; 143.649; 0.4; 1.41
24/05/2010; 133.749; 0; 1.572
25/05/2010; 125.873; 15.3; 1.213
26/05/2010; 121.585; 0; 1.494
27/05/2010; 113.611; 0.4; 1.323
28/05/2010; 104.267; 4.8; 0.907
29/05/2010; 98.746; 0.2; 1.022
30/05/2010; 92.592; 0.3; 0.75
31/05/2010; 85.871; 3.1; 0.889
01/06/2010; 94.115; 0.1; 0.972
02/06/2010; 99.136; 0; 0.61
03/06/2010; 92.592; 0; 1.13
04/06/2010; 85.138; 0; 0.997
05/06/2010; 111.962; 13.4; 0.401
06/06/2010; 121.159; 0; 0.709
07/06/2010; 116.522; 0; 0.728
08/06/2010; 104.267; 0; 0.782
09/06/2010; 93.353; 0; 0.983
10/06/2010; 84.772; 0; 0.763
11/06/2010; 75.149; 3.2; 0.875
12/06/2010; 68.34; 0; 0.755
13/06/2010; 60.533; 1.1; 0.589
14/06/2010; 49.583; 0; 0.855
15/06/2010; 44.458; 0; 0.509
16/06/2010; 40.369; 0; 0.432
17/06/2010; 103.47; 64; 0.514
18/06/2010; 122.864; 0; 0.692
19/06/2010; 128.476; 19.9; 0.355
20/06/2010; 148.247; 10.4; 0.467
21/06/2010; 151.503; 0; 0.629
22/06/2010; 151.036; 0; 0.525
23/06/2010; 143.649; 0; 0.478
24/06/2010; 130.224; 0; 0.761
25/06/2010; 119.887; 4.9; 0.31
26/06/2010; 128.912; 79.6; 0.598
27/06/2010; 135.527; 6.3; 0.755
28/06/2010; 127.606; 1.1; 0.96
29/06/2010; 115.687; 0.6; 0.551
30/06/2010; 104.267; 0; 0.484
01/07/2010; 93.353; 0; 0.7
02/07/2010; 82.953; 0; 0.313
03/07/2010; 74.456; 0; 0.495
04/07/2010; 66.351; 0; 0.684
05/07/2010; 57.399; 0; 0.606
06/07/2010; 51.343; 0; 0.763
07/07/2010; 45.295; 0; 0.832
08/07/2010; 37.996; 0; 1.098
09/07/2010; 36.961; 14.9; 1.053
10/07/2010; 50.46; 5; 0.568
11/07/2010; 81.151; 0; 0.741
12/07/2010; 108.288; 28; 0.638
13/07/2010; 136.867; 13.3; 0.987
14/07/2010; 145.022; 0; 0.909
15/07/2010; 141.827; 0; 0.672
16/07/2010; 135.527; 0; 0.738
17/07/2010; 127.606; 3.8; 1.074
18/07/2010; 123.292; 15.3; 0.731
19/07/2010; 137.315; 20; 0.987
20/07/2010; 155.732; 20.4; 1.079
21/07/2010; 188.475; 0.9; 0.886
22/07/2010; 244.715; 39; 1.044
23/07/2010; 299.776; 0; 0.941
24/07/2010; 337.447; 0; 1.097
25/07/2010; 351.555; 4.2; 0.737
26/07/2010; 330.555; 5.4; 0.851
27/07/2010; 289.323; 0; 0.998
28/07/2010; 246.54; 0; 0.817
29/07/2010; 193.003; 0; 0.811
30/07/2010; 155.732; 0; 0.868
31/07/2010; 136.419; 0; 0.607
01/08/2010; 131.101; 21.6; 1.088
02/08/2010; 125.01; 0; 0.927
03/08/2010; 110.731; 0; 1.097
04/08/2010; 95.264; 0; 0.638
05/08/2010; 84.407; 5.1; 0.856
06/08/2010; 82.23; 0.7; 1.056
07/08/2010; 78.656; 0; 1.1
08/08/2010; 70.354; 0; 0.997
09/08/2010; 63.09; 0; 0.952
10/08/2010; 59.271; 0; 1.202
11/08/2010; 53.13; 0; 0.851
12/08/2010; 47.276; 0; 0.793
13/08/2010; 56.78; 10.8; 1.179
14/08/2010; 69.008; 2.7; 1.215
15/08/2010; 67.011; 0.2; 0.948
16/08/2010; 61.806; 0.2; 1.291
17/08/2010; 54.942; 0; 0.928
18/08/2010; 49.001; 0; 0.725
19/08/2010; 45.015; 0; 0.803
20/08/2010; 42.256; 0; 1.076
21/08/2010; 39.043; 0; 1.198
22/08/2010; 35.938; 0; 1.061
23/08/2010; 33.434; 0; 0.853
24/08/2010; 32.454; 0; 1.04
25/08/2010; 31.007; 0; 0.832
26/08/2010; 28.658; 4.5; 1.062
27/08/2010; 28.197; 23.2; 0.989
28/08/2010; 30.531; 25; 1.079
29/08/2010; 32.454; 1.5; 1.188
30/08/2010; 31.969; 0; 1.332
31/08/2010; 31.007; 0; 0.954
01/09/2010; 32.942; 0; 1.478
02/09/2010; 59.585; 18.7; 1.179
03/09/2010; 131.981; 42.7; 1.338
04/09/2010; 160.01; 19; 0.986
05/09/2010; 163.855; 11.2; 1.367
06/09/2010; 158.579; 0; 1.788
07/09/2010; 139.563; 0; 1.493
08/09/2010; 127.606; 0; 1.605
09/09/2010; 112.373; 0; 1.448
10/09/2010; 100.31; 0; 1.542
11/09/2010; 93.353; 0.2; 1.836
12/09/2010; 99.527; 18.4; 1.314
13/09/2010; 112.373; 32.7; 1.803
14/09/2010; 126.305; 4.8; 1.918
15/09/2010; 119.887; 0; 1.762
16/09/2010; 102.28; 0; 1.73
17/09/2010; 86.607; 0; 1.612
18/09/2010; 73.765; 0; 1.318
19/09/2010; 63.09; 0; 1.65
20/09/2010; 51.343; 0; 1.605
21/09/2010; 47.848; 5.6; 1.491
22/09/2010; 73.421; 9.2; 1.483
23/09/2010; 111.551; 0; 1.981
24/09/2010; 131.101; 16.5; 1.607
25/09/2010; 176.79; 1.5; 2.088
26/09/2010; 193.003; 0; 1.62
27/09/2010; 164.338; 0; 1.745
28/09/2010; 151.036; 0; 1.81
29/09/2010; 131.101; 0.3; 1.905
30/09/2010; 110.731; 0; 2.148
01/10/2010; 95.648; 0; 1.891
02/10/2010; 81.151; 0; 2.111
03/10/2010; 68.007; 0; 1.851
04/10/2010; 61.168; 0; 1.77
05/10/2010; 49.001; 0; 1.828
06/10/2010; 45.015; 0; 1.677
07/10/2010; 39.043; 12.5; 1.919
08/10/2010; 49.001; 28.7; 1.958
09/10/2010; 87.717; 2.3; 2.253
10/10/2010; 87.346; 0; 2.238
11/10/2010; 75.497; 0; 2.01
12/10/2010; 65.365; 0; 2.11
13/10/2010; 51.343; 0; 1.85
14/10/2010; 45.295; 0.5; 2.126
15/10/2010; 42.529; 0.9; 2.297
16/10/2010; 40.102; 0; 2.178
17/10/2010; 36.448; 0; 2.104
18/10/2010; 33.681; 0; 2.572
19/10/2010; 32.454; 0; 1.96
20/10/2010; 31.007; 0; 2.103
21/10/2010; 30.769; 0; 2.334
22/10/2010; 31.007; 0; 2.328
23/10/2010; 31.727; 10.8; 2.262
24/10/2010; 32.211; 0; 2.345
25/10/2010; 31.969; 0; 2.19
26/10/2010; 31.007; 0; 2.384
27/10/2010; 30.058; 0.8; 2.255
28/10/2010; 28.427; 0; 2.493
29/10/2010; 25.501; 0; 2.625
30/10/2010; 22.921; 1.3; 2.73
31/10/2010; 22.711; 0; 2.513
01/11/2010; 21.266; 0; 2.941
02/11/2010; 19.467; 0; 2.637
03/11/2010; 16.988; 0; 2.664
04/11/2010; 15.893; 0; 2.954
05/11/2010; 18.115; 0.6; 2.819
06/11/2010; 17.736; 0; 3.231
07/11/2010; 16.437; 0; 3.394
08/11/2010; 16.073; 0; 2.942
09/11/2010; 18.497; 0; 3.065
10/11/2010; 50.754; 24.4; 3.44
11/11/2010; 64.061; 0; 3.001
12/11/2010; 48.712; 0; 3.076
13/11/2010; 39.043; 0; 3.295
14/11/2010; 31.727; 0; 2.96
15/11/2010; 28.427; 0; 3.467
16/11/2010; 25.722; 0; 3.166
17/11/2010; 30.769; 0; 3.165
18/11/2010; 31.007; 0; 3.422
19/11/2010; 27.968; 0; 3.136
20/11/2010; 27.06; 0; 3.086
21/11/2010; 19.271; 0; 3.43
22/11/2010; 24.628; 2.3; 3.222
23/11/2010; 28.197; 0; 3.544
24/11/2010; 28.197; 18.9; 3.338
25/11/2010; 56.472; 7.6; 3.326
26/11/2010; 85.138; 12.4; 3.371
27/11/2010; 80.435; 0.1; 3.638
28/11/2010; 75.845; 0; 3.163
29/11/2010; 68.34; 4.6; 3.436
30/11/2010; 78.656; 1.2; 3.452
01/12/2010; 75.149; 0; 3.562
02/12/2010; 64.386; 0; 3.735
03/12/2010; 67.342; 2.5; 3.389
04/12/2010; 69.68; 0; 3.532
05/12/2010; 59.271; 0.6; 3.581
06/12/2010; 45.295; 0.2; 3.366
07/12/2010; 38.256; 0; 3.624
08/12/2010; 32.942; 0; 3.633
09/12/2010; 29.588; 16.9; 3.895
10/12/2010; 26.611; 0; 3.416
11/12/2010; 27.513; 6.1; 3.921
12/12/2010; 27.513; 0; 3.871
13/12/2010; 27.968; 13.5; 4.036
14/12/2010; 36.193; 0; 4.209
15/12/2010; 36.704; 0; 3.632
16/12/2010; 31.486; 0; 4.056
17/12/2010; 26.165; 0; 3.6
18/12/2010; 22.921; 0; 3.938
19/12/2010; 21.675; 0; 3.914
20/12/2010; 21.881; 5.5; 4.108
21/12/2010; 21.675; 2.2; 3.819
22/12/2010; 20.059; 0; 4.11
23/12/2010; 20.86; 0; 4.073
24/12/2010; 20.458; 0; 3.732
25/12/2010; 40.904; 42.1; 3.626
26/12/2010; 62.126; 3.3; 3.672
27/12/2010; 54.942; 0; 3.779
28/12/2010; 37.477; 0; 3.826
29/12/2010; 30.294; 0; 3.94
30/12/2010; 25.722; 0; 3.852
31/12/2010; 21.063; 0; 3.58
01/01/2011; 19.271; 0; 3.736
02/01/2011; 18.115; 0; 4.009
03/01/2011; 17.36; 0; 3.631
04/01/2011; 15.893; 1; 3.743
05/01/2011; 16.254; 0.1; 4.014
06/01/2011; 20.059; 17.4; 4.05
07/01/2011; 27.74; 1.5; 3.902
08/01/2011; 33.434; 0; 3.96
09/01/2011; 32.454; 4.7; 3.781
10/01/2011; 31.007; 0; 3.752
11/01/2011; 28.197; 0; 3.881
12/01/2011; 33.929; 43.4; 3.787
13/01/2011; 45.857; 0; 3.983
14/01/2011; 45.295; 37.6; 3.884
15/01/2011; 41.173; 0; 4.052
16/01/2011; 38.518; 0; 4.025
17/01/2011; 43.626; 1.4; 4.062
18/01/2011; 67.674; 5.3; 3.767
19/01/2011; 71.71; 2.1; 3.726
20/01/2011; 65.693; 0; 4.103
21/01/2011; 54.942; 0; 3.73
22/01/2011; 47.848; 0.2; 3.882
23/01/2011; 45.015; 17.1; 3.648
24/01/2011; 43.351; 2.3; 4.173
25/01/2011; 41.173; 0; 3.647
26/01/2011; 37.218; 1.5; 3.879
27/01/2011; 39.043; 0.1; 3.471
28/01/2011; 47.848; 0; 3.766
29/01/2011; 52.532; 0; 3.521
30/01/2011; 55.247; 0; 3.33
31/01/2011; 58.02; 0; 3.825
01/02/2011; 59.9; 17.4; 3.704
02/02/2011; 57.709; 0.1; 3.221
03/02/2011; 49.001; 0; 3.522
04/02/2011; 40.102; 0; 3.463
05/02/2011; 34.426; 0; 3.393
06/02/2011; 45.015; 2.5; 3.803
07/02/2011; 97.967; 0; 2.959
08/02/2011; 92.592; 6.1; 3.25
09/02/2011; 81.51; 5.7; 2.813
10/02/2011; 111.551; 45.7; 2.979
11/02/2011; 126.738; 1.3; 3.259
12/02/2011; 128.04; 2.7; 3.14
13/02/2011; 140.015; 24.4; 3.203
14/02/2011; 145.481; 2.9; 3.198
15/02/2011; 145.481; 0; 2.924
16/02/2011; 139.563; 0; 3.5
17/02/2011; 131.101; 0; 3.325
18/02/2011; 118.2; 0; 3.097
19/02/2011; 105.066; 0; 2.849
20/02/2011; 116.104; 0; 3.013
21/02/2011; 111.551; 1.5; 3.127
22/02/2011; 95.648; 1; 3.55
23/02/2011; 97.967; 0; 2.962
24/02/2011; 103.073; 5; 3.033
25/02/2011; 101.096; 0.6; 2.927
26/02/2011; 111.141; 1.1; 2.94
27/02/2011; 130.224; 1.5; 3.066
28/02/2011; 146.401; 0; 2.896
01/03/2011; 143.193; 0; 3.02
02/03/2011; 131.541; 0; 2.533
03/03/2011; 118.2; 0; 3.048
04/03/2011; 102.676; 0; 2.715
05/03/2011; 85.138; 0; 2.976
06/03/2011; 66.351; 0; 3.026
07/03/2011; 50.754; 0; 2.735
08/03/2011; 38.518; 0; 3.151
09/03/2011; 33.188; 0; 3.054
10/03/2011; 31.007; 0; 2.845
11/03/2011; 39.571; 12.5; 2.67
12/03/2011; 42.256; 0.6; 2.265
13/03/2011; 46.423; 0; 2.338
14/03/2011; 43.903; 0; 2.723
15/03/2011; 37.218; 0; 2.867
16/03/2011; 31.246; 0; 2.681
17/03/2011; 26.835; 0; 2.754
18/03/2011; 27.968; 15.2; 2.998
19/03/2011; 32.942; 2.7; 2.826
20/03/2011; 39.571; 0; 2.608
21/03/2011; 30.531; 0; 2.691
22/03/2011; 25.943; 0; 3.054
23/03/2011; 23.768; 0; 2.445
24/03/2011; 21.675; 0; 2.402
25/03/2011; 35.431; 13.7; 2.697
26/03/2011; 53.13; 15.6; 2.797
27/03/2011; 130.224; 5.1; 2.46
28/03/2011; 140.467; 13.4; 2.569
29/03/2011; 166.277; 3.5; 2.353
30/03/2011; 181.106; 0.8; 2.624
31/03/2011; 165.791; 0; 2.538
01/04/2011; 147.323; 0.3; 2.758
02/04/2011; 133.749; 2.3; 2.358
03/04/2011; 125.873; 0; 2.269
04/04/2011; 111.551; 0; 2.423
05/04/2011; 97.192; 3.9; 2.316
06/04/2011; 85.871; 0.7; 1.962
07/04/2011; 68.34; 0; 1.952
08/04/2011; 56.165; 0; 1.775
09/04/2011; 45.576; 12.5; 1.971
10/04/2011; 36.448; 0.2; 1.712
11/04/2011; 31.486; 0; 1.724
12/04/2011; 28.658; 0; 2
13/04/2011; 24.412; 0; 2.162
14/04/2011; 41.173; 10.3; 1.689
15/04/2011; 140.015; 37.6; 2.107
16/04/2011; 155.26; 4.4; 2.22
17/04/2011; 158.103; 4.4; 1.676
18/04/2011; 161.928; 7; 2.169
19/04/2011; 156.205; 0; 1.971
20/04/2011; 146.862; 0; 2.075
21/04/2011; 137.315; 6.6; 2.052
22/04/2011; 122.011; 0; 2.067
23/04/2011; 257.702; 77.2; 2.002
24/04/2011; 366.1; 5.3; 1.35
25/04/2011; 404.437; 0; 2.206
26/04/2011; 407.096; 0; 1.753
27/04/2011; 371.047; 0; 1.819
28/04/2011; 310.51; 0; 1.937
29/04/2011; 246.54; 0; 1.316
30/04/2011; 172.552; 0; 1.924
01/05/2011; 148.711; 0.5; 1.826
02/05/2011; 117.779; 0; 1.694
03/05/2011; 119.042; 29.7; 1.449
04/05/2011; 121.159; 0; 1.566
05/05/2011; 109.1; 0.2; 1.247
06/05/2011; 88.088; 0; 1.659
07/05/2011; 71.71; 0; 1.724
08/05/2011; 58.02; 0; 1.326
09/05/2011; 44.458; 0.1; 1.64
10/05/2011; 37.218; 0; 1.162
11/05/2011; 35.684; 0; 1.283
12/05/2011; 40.636; 0; 1.21
13/05/2011; 45.576; 0.2; 1.1
14/05/2011; 45.015; 0; 1.135
15/05/2011; 39.836; 3; 1.275
16/05/2011; 45.576; 3.8; 1.116
17/05/2011; 48.423; 0; 1.104
18/05/2011; 47.848; 3.3; 1.468
19/05/2011; 45.295; 0; 1.075
20/05/2011; 41.173; 0; 1.125
21/05/2011; 37.996; 0; 1.155
22/05/2011; 34.426; 0; 1.047
23/05/2011; 32.211; 5.4; 1.263
24/05/2011; 32.698; 0.1; 1.48
25/05/2011; 30.058; 1; 1.441
26/05/2011; 29.588; 1.1; 1.133
27/05/2011; 30.058; 0.7; 1.316
28/05/2011; 30.058; 1; 1.125
29/05/2011; 30.058; 0; 0.884
30/05/2011; 29.121; 0; 0.953
31/05/2011; 28.427; 0; 0.698
01/06/2011; 26.387; 0; 0.718
02/06/2011; 25.063; 0.2; 0.53
03/06/2011; 24.412; 0; 0.896
04/06/2011; 23.343; 0; 0.996
05/06/2011; 22.294; 0; 0.66
06/06/2011; 21.47; 0; 0.68
07/06/2011; 26.387; 4.5; 0.766
08/06/2011; 59.271; 21.6; 1.167
09/06/2011; 100.703; 0; 0.951
10/06/2011; 101.096; 0; 0.496
11/06/2011; 87.346; 0; 0.824
12/06/2011; 65.693; 0; 0.588
13/06/2011; 51.048; 0; 0.444
14/06/2011; 41.713; 0; 0.429
15/06/2011; 35.179; 0; 0.728
16/06/2011; 30.769; 0; 0.904
17/06/2011; 32.454; 0; 0.896
18/06/2011; 36.193; 14.8; 0.366
19/06/2011; 34.927; 0; 0.421
20/06/2011; 37.996; 4.8; 0.523
21/06/2011; 92.592; 43.6; 0.678
22/06/2011; 134.637; 0.3; 0.627
23/06/2011; 140.467; 2.2; 0.403
24/06/2011; 145.941; 10.4; 0.839
25/06/2011; 155.732; 5.9; 0.793
26/06/2011; 166.277; 0.1; 0.685
27/06/2011; 179.659; 0; 0.586
28/06/2011; 182.563; 0; 0.52
29/06/2011; 175.369; 0; 0.873
30/06/2011; 158.103; 1.2; 0.757
01/07/2011; 140.919; 0.2; 0.88
02/07/2011; 129.348; 5; 0.961
03/07/2011; 125.873; 3.2; 0.714
04/07/2011; 122.011; 0; 0.605
05/07/2011; 111.962; 0; 0.522
06/07/2011; 103.47; 0; 0.502
07/07/2011; 91.08; 0; 0.94
08/07/2011; 77.949; 0; 0.684
09/07/2011; 70.016; 0; 1.015
10/07/2011; 60.533; 0; 0.404
11/07/2011; 52.532; 2.8; 0.813
12/07/2011; 46.706; 0; 0.508
13/07/2011; 41.173; 0.1; 0.374
14/07/2011; 81.51; 28; 0.563
15/07/2011; 205.476; 61.9; 0.681
16/07/2011; 257.702; 0; 0.544
17/07/2011; 291.392; 4.5; 0.978
18/07/2011; 314.884; 10.1; 0.529
19/07/2011; 328.281; 3.4; 0.836
20/07/2011; 339.768; 0.2; 0.861
21/07/2011; 434.408; 53.9; 0.126
22/07/2011; 531.11; 2.6; 0.412
23/07/2011; 567.811; 0; 0.789
24/07/2011; 534.371; 0.1; 0.366
25/07/2011; 474.927; 0; 0.946
26/07/2011; 401.792; 0; 0.565
27/07/2011; 314.884; 6.2; 0.76
28/07/2011; 242.901; 4.7; 0.888
29/07/2011; 193.003; 11; 0.506
30/07/2011; 232.225; 27.8; 1.246
31/07/2011; 244.715; 0; 0.458
01/08/2011; 242.901; 1.2; 0.492
02/08/2011; 232.225; 17.4; 0.777
03/08/2011; 220.22; 0.5; 0.814
04/08/2011; 203.884; 0.5; 0.655
05/08/2011; 193.003; 0; 0.912
06/08/2011; 166.277; 0; 0.994
07/08/2011; 160.489; 8.2; 0.972
08/08/2011; 172.552; 30.8; 0.614
09/08/2011; 253.94; 18.7; 1.044
10/08/2011; 295.562; 6.3; 1.218
11/08/2011; 351.555; 0; 0.77
12/08/2011; 353.948; 0; 1.19
13/08/2011; 306.183; 0; 1.208
14/08/2011; 259.599; 0; 1.094
15/08/2011; 230.481; 11.6; 1.009
16/08/2011; 205.476; 0; 1.326
17/08/2011; 166.277; 0; 0.759
18/08/2011; 153.376; 0; 0.988
19/08/2011; 138.212; 9.2; 0.904
20/08/2011; 125.01; 9.5; 1.278
21/08/2011; 119.042; 0; 1.627
22/08/2011; 116.522; 0; 1.093
23/08/2011; 108.693; 9.4; 0.954
24/08/2011; 103.47; 6.5; 0.927
25/08/2011; 99.136; 3.6; 1.274
26/08/2011; 94.88; 2.6; 1.407
27/08/2011; 89.579; 0; 1.154
28/08/2011; 85.871; 6.6; 1.482
29/08/2011; 158.103; 27.1; 1.41
30/08/2011; 242.901; 11.8; 1.04
31/08/2011; 293.471; 0.8; 1.329
01/09/2011; 328.281; 0; 1.549
02/09/2011; 319.303; 0; 1.488
03/09/2011; 281.159; 0; 1.726
04/09/2011; 232.225; 0; 1.453
05/09/2011; 185.501; 5.4; 1.504
06/09/2011; 156.205; 17.5; 1.541
07/09/2011; 136.419; 0; 1.626
08/09/2011; 122.011; 0; 1.65
09/09/2011; 111.551; 2.9; 1.563
10/09/2011; 105.868; 0.6; 1.735
11/09/2011; 101.885; 0; 1.534
12/09/2011; 98.356; 0; 1.443
13/09/2011; 89.205; 0; 1.785
14/09/2011; 81.51; 0; 1.592
15/09/2011; 71.031; 0; 1.762
16/09/2011; 64.061; 0; 1.692
17/09/2011; 58.02; 0; 1.867
18/09/2011; 52.532; 4; 1.604
19/09/2011; 46.706; 1.7; 1.704
20/09/2011; 50.167; 15.6; 1.334
21/09/2011; 60.85; 0.9; 1.564
22/09/2011; 54.942; 0; 1.862
23/09/2011; 49.001; 0; 1.509
24/09/2011; 62.768; 4.4; 1.413
25/09/2011; 59.9; 0; 1.505
26/09/2011; 53.731; 0; 1.908
27/09/2011; 49.583; 0; 1.478
28/09/2011; 46.14; 0; 2.106
29/09/2011; 41.173; 0; 2.219
30/09/2011; 38.518; 0; 2.215
01/10/2011; 65.038; 21; 2.291
02/10/2011; 84.407; 0; 1.925
03/10/2011; 78.656; 0; 1.672
04/10/2011; 65.693; 0; 2.169
05/10/2011; 54.942; 26.4; 1.957
06/10/2011; 50.167; 0; 1.686
07/10/2011; 48.712; 0; 2.059
08/10/2011; 47.848; 0; 2.168
09/10/2011; 61.168; 3.6; 2.136
10/10/2011; 71.71; 0.2; 2.187
11/10/2011; 87.346; 0; 2.241
12/10/2011; 86.607; 0; 2.103
13/10/2011; 75.845; 2; 2.185
14/10/2011; 62.447; 0.9; 2.242
15/10/2011; 51.936; 0; 2.357
16/10/2011; 41.173; 0; 2.079
17/10/2011; 34.426; 0; 2.309
18/10/2011; 30.531; 0; 2.277
19/10/2011; 27.513; 0; 2.113
20/10/2011; 25.501; 0; 2.251
21/10/2011; 23.343; 0; 1.9
22/10/2011; 21.266; 0; 2.712
23/10/2011; 20.258; 0; 2.296
24/10/2011; 19.271; 0.5; 2.274
25/10/2011; 34.676; 18.4; 2.157
26/10/2011; 116.522; 46.8; 2.244
27/10/2011; 155.732; 1.4; 2.589
28/10/2011; 160.489; 0; 2.465
29/10/2011; 154.788; 0; 2.697
30/10/2011; 143.649; 2.5; 2.515
31/10/2011; 123.292; 0; 2.761
01/11/2011; 106.672; 0; 2.417
02/11/2011; 92.592; 0; 2.618
03/11/2011; 81.51; 0; 3.129
04/11/2011; 65.693; 0; 2.907
05/11/2011; 49.583; 0; 3.135
06/11/2011; 35.684; 0; 2.987
07/11/2011; 26.611; 0; 3.221
08/11/2011; 23.343; 0; 2.659
09/11/2011; 20.86; 0; 3.237
10/11/2011; 19.271; 2.7; 3.065
11/11/2011; 19.271; 3.8; 3.263
12/11/2011; 20.059; 0; 3.154
13/11/2011; 21.063; 0; 3.305
14/11/2011; 20.258; 0; 3.203
15/11/2011; 20.059; 0; 3.348
16/11/2011; 18.882; 0; 3.25
17/11/2011; 18.497; 0; 3.297
18/11/2011; 17.736; 0; 3.18
19/11/2011; 16.988; 0; 2.882
20/11/2011; 16.254; 0; 3.644
21/11/2011; 15.893; 0; 3.103
22/11/2011; 16.073; 4; 3.257
23/11/2011; 17.36; 3.2; 3.342
24/11/2011; 19.663; 0; 3.188
25/11/2011; 17.548; 0; 3.757
26/11/2011; 15.357; 0; 3.357
27/11/2011; 15.003; 0; 3.391
28/11/2011; 14.48; 0; 3.295
29/11/2011; 13.626; 0; 3.188
30/11/2011; 13.124; 0; 3.879
01/12/2011; 14.828; 18; 3.327
02/12/2011; 14.654; 0; 3.376
03/12/2011; 13.458; 0; 3.32
04/12/2011; 12.794; 0; 3.728
05/12/2011; 12.467; 0; 3.678
06/12/2011; 12.144; 0.1; 3.799
07/12/2011; 12.144; 0.6; 3.631
08/12/2011; 11.824; 0; 4.06
09/12/2011; 12.144; 0; 3.896
10/12/2011; 11.509; 0; 4.134
11/12/2011; 12.305; 0; 4.004
12/12/2011; 11.196; 0; 3.576
13/12/2011; 11.196; 4.7; 3.521
14/12/2011; 11.509; 0; 3.632
15/12/2011; 13.795; 2.1; 3.815
16/12/2011; 15.713; 5.6; 3.72
17/12/2011; 18.115; 16.9; 3.72
18/12/2011; 20.059; 1.8; 3.849
19/12/2011; 21.266; 0; 3.962
20/12/2011; 20.258; 0; 3.96
21/12/2011; 17.925; 0; 4.005
22/12/2011; 15.713; 0; 3.963
23/12/2011; 14.828; 0.7; 3.619
24/12/2011; 14.48; 0.2; 3.765
25/12/2011; 14.308; 1.4; 3.686
26/12/2011; 14.48; 0; 3.456
27/12/2011; 14.654; 0; 3.962
28/12/2011; 14.48; 0; 3.692
29/12/2011; 15.003; 0; 3.94
30/12/2011; 14.48; 0; 3.755
31/12/2011; 17.36; 0; 3.678
01/01/2012; 51.936; 14.4; 3.799
02/01/2012; 44.18; 7.4; 4.225
03/01/2012; 28.427; 0; 4.076
04/01/2012; 25.063; 0; 3.824
05/01/2012; 23.982; 0; 3.862
06/01/2012; 19.271; 0; 4.369
07/01/2012; 15.18; 0; 4.169
08/01/2012; 14.828; 0; 3.752
09/01/2012; 13.965; 0; 4.043
10/01/2012; 13.458; 0; 4.01
11/01/2012; 13.29; 0; 3.853
12/01/2012; 24.846; 0.2; 3.781
13/01/2012; 40.636; 29.8; 4.011
14/01/2012; 80.792; 39.3; 3.612
15/01/2012; 138.212; 40.9; 4.237
16/01/2012; 156.679; 0; 4.087
17/01/2012; 166.277; 0; 3.817
18/01/2012; 167.25; 0; 3.676
19/01/2012; 154.788; 0; 3.807
20/01/2012; 136.867; 0; 4.056
21/01/2012; 118.62; 0; 3.778
22/01/2012; 104.267; 0; 3.933
23/01/2012; 91.457; 0; 4.132
24/01/2012; 73.765; 0; 3.993
25/01/2012; 79.721; 33; 3.527
26/01/2012; 109.1; 0.8; 4.268
27/01/2012; 99.527; 0.2; 3.353
28/01/2012; 85.138; 0; 3.624
29/01/2012; 77.949; 0; 3.722
30/01/2012; 50.167; 0; 3.611
31/01/2012; 28.197; 0; 3.724
01/02/2012; 23.768; 0; 3.588
02/02/2012; 20.458; 0; 3.652
03/02/2012; 28.658; 1.6; 3.472
04/02/2012; 54.335; 0.1; 2.973
05/02/2012; 66.68; 4.9; 3.208
06/02/2012; 70.016; 10.7; 3.473
07/02/2012; 65.038; 0.5; 3.699
08/02/2012; 58.644; 0; 3.294
09/02/2012; 53.13; 9.6; 3.088
10/02/2012; 48.712; 0; 3.346
11/02/2012; 41.984; 0.3; 3.314
12/02/2012; 37.218; 0; 3.29
13/02/2012; 33.434; 0; 3.423
14/02/2012; 27.74; 0; 3.019
15/02/2012; 30.531; 0; 3.135
16/02/2012; 32.454; 0; 2.65
17/02/2012; 27.74; 0; 2.93
18/02/2012; 22.502; 0; 3.478
19/02/2012; 21.063; 0; 3.073
20/02/2012; 19.663; 17.3; 3.072
21/02/2012; 19.076; 0; 3.038
22/02/2012; 21.881; 79; 3.181
23/02/2012; 24.846; 6.5; 3.033
24/02/2012; 28.197; 0; 3.094
25/02/2012; 35.938; 0; 3.146
26/02/2012; 53.731; 9; 3.488
27/02/2012; 69.008; 0; 3.19
28/02/2012; 54.942; 0; 2.527
29/02/2012; 46.14; 0; 3.185
01/03/2012; 43.076; 34.9; 2.862
02/03/2012; 46.706; 2.1; 3.004
03/03/2012; 63.09; 0; 3.086
04/03/2012; 69.68; 0; 2.957
05/03/2012; 61.806; 0; 2.614
06/03/2012; 51.936; 0; 2.607
07/03/2012; 39.571; 0.2; 2.941
08/03/2012; 32.454; 0; 3.115
09/03/2012; 25.501; 0; 3.174
10/03/2012; 23.132; 0; 2.751
11/03/2012; 22.921; 0; 2.898
12/03/2012; 22.087; 0; 2.918
13/03/2012; 24.628; 0; 2.863
14/03/2012; 81.51; 21.3; 2.806
15/03/2012; 73.421; 59.4; 2.41
16/03/2012; 60.533; 0; 2.735
17/03/2012; 46.706; 0; 2.884
18/03/2012; 39.571; 0; 2.663
19/03/2012; 33.434; 0; 2.739
20/03/2012; 28.889; 0; 2.754
21/03/2012; 24.197; 0; 2.707
22/03/2012; 21.266; 0.7; 2.979
23/03/2012; 19.271; 0.3; 2.769
24/03/2012; 19.663; 2.2; 2.633
25/03/2012; 20.659; 0; 2.696
26/03/2012; 21.675; 0; 2.568
27/03/2012; 20.059; 1.6; 2.21
28/03/2012; 20.458; 0; 2.564
29/03/2012; 19.663; 0; 2.494
30/03/2012; 18.689; 0; 2.627
31/03/2012; 17.925; 0; 2.197
01/04/2012; 18.689; 0; 2.358
02/04/2012; 17.925; 0; 2.074
03/04/2012; 17.548; 0; 2.282
04/04/2012; 16.62; 0; 2.096
05/04/2012; 17.925; 0; 1.978
06/04/2012; 19.467; 10.8; 1.991
07/04/2012; 21.47; 0; 2.131
08/04/2012; 20.258; 0; 2.014
09/04/2012; 18.689; 0; 2.188
10/04/2012; 16.988; 0; 1.805
11/04/2012; 16.62; 0.1; 1.986
12/04/2012; 16.803; 0; 1.803
13/04/2012; 16.254; 0.1; 1.711
14/04/2012; 20.059; 26.6; 1.841
15/04/2012; 28.197; 14.7; 2.092
16/04/2012; 27.286; 0; 2.134
17/04/2012; 25.282; 0; 2.055
18/04/2012; 23.343; 0.1; 2.065
19/04/2012; 19.663; 0; 1.836
20/04/2012; 18.689; 0; 1.775
21/04/2012; 17.925; 0; 2.111
22/04/2012; 17.548; 0.4; 2.257
23/04/2012; 17.174; 0; 1.82
24/04/2012; 16.62; 0; 1.685
25/04/2012; 16.803; 0; 2.022
26/04/2012; 16.437; 0; 2.004
27/04/2012; 16.62; 4.4; 1.934
28/04/2012; 18.497; 0; 2.004
29/04/2012; 19.663; 18.1; 1.658
30/04/2012; 21.063; 1.8; 1.51
01/05/2012; 18.305; 0; 1.638
02/05/2012; 16.988; 0.3; 1.207
03/05/2012; 16.62; 0; 1.38
04/05/2012; 16.62; 0.1; 1.388
05/05/2012; 16.254; 0; 1.683
06/05/2012; 15.534; 0; 1.165
07/05/2012; 14.654; 0; 1.236
08/05/2012; 14.48; 0.1; 1.392
09/05/2012; 13.458; 0; 1.068
10/05/2012; 12.794; 0; 0.911
11/05/2012; 12.958; 0; 1.349
12/05/2012; 16.62; 20.4; 1.131
13/05/2012; 16.437; 0; 1.451
14/05/2012; 16.803; 0; 1.123
15/05/2012; 16.254; 0; 1.21
16/05/2012; 14.828; 0; 0.821
17/05/2012; 14.308; 0; 1.366
18/05/2012; 14.136; 0; 0.892
19/05/2012; 13.626; 0; 1.267
20/05/2012; 13.795; 0; 1.578
21/05/2012; 13.965; 0; 1.888
22/05/2012; 13.795; 0; 1.396
23/05/2012; 12.958; 0; 1.453
24/05/2012; 11.984; 0; 1.628
25/05/2012; 11.196; 0; 1.088
26/05/2012; 11.196; 0.1; 1.075
27/05/2012; 10.583; 0.1; 1.493
28/05/2012; 10.735; 0; 1.092
29/05/2012; 11.196; 0; 0.628
30/05/2012; 19.861; 14.4; 1.013
31/05/2012; 33.929; 0.2; 0.761
01/06/2012; 27.74; 0; 0.631
02/06/2012; 30.769; 0; 0.913
03/06/2012; 29.588; 9.3; 0.796
04/06/2012; 27.286; 1.5; 0.888
05/06/2012; 25.501; 0.2; 1.243
06/06/2012; 20.86; 0; 0.87
07/06/2012; 17.174; 0; 0.882
08/06/2012; 15.534; 0; 0.775
09/06/2012; 14.654; 0; 0.437
10/06/2012; 13.795; 0; 0.353
11/06/2012; 13.29; 0.4; 0.649
12/06/2012; 13.458; 0; 0.511
13/06/2012; 13.626; 0; 0.821
14/06/2012; 13.124; 0; 0.876
15/06/2012; 13.29; 0; 0.723
16/06/2012; 13.124; 0; 0.632
17/06/2012; 13.29; 0.6; 0.775
18/06/2012; 14.828; 10.7; 0.424
19/06/2012; 27.06; 2.9; 0.872
20/06/2012; 25.943; 0.1; 0.487
21/06/2012; 24.628; 0; 0.607
22/06/2012; 22.921; 0.1; 0.675
23/06/2012; 21.063; 1.3; 0.707
24/06/2012; 19.861; 0.1; 0.772
25/06/2012; 19.663; 0; 0.79
26/06/2012; 18.497; 0; 0.785
27/06/2012; 17.548; 0; 0.956
28/06/2012; 16.254; 0; 0.453
29/06/2012; 15.893; 0; 0.685
30/06/2012; 15.357; 4.7; 0.995
01/07/2012; 14.654; 0; 0.326
02/07/2012; 14.136; 0; 0.585
03/07/2012; 13.795; 0; 0.622
04/07/2012; 12.958; 0; 0.642
05/07/2012; 12.794; 0; 0.911
06/07/2012; 70.354; 62.8; 0.755
07/07/2012; 160.489; 39.3; 0.689
08/07/2012; 179.659; 0.1; 0.694
09/07/2012; 203.884; 0; 0.743
10/07/2012; 202.302; 0.1; 1.107
11/07/2012; 189.975; 12.7; 0.494
12/07/2012; 165.306; 0; 0.696
13/07/2012; 151.036; 0; 0.988
14/07/2012; 131.541; 0; 0.896
15/07/2012; 112.373; 0; 0.636
16/07/2012; 92.972; 0.2; 0.541
17/07/2012; 73.765; 0; 0.691
18/07/2012; 66.021; 0; 0.727
19/07/2012; 55.552; 0; 0.682
20/07/2012; 44.458; 0.1; 1.107
21/07/2012; 36.448; 0; 0.845
22/07/2012; 31.007; 0; 0.789
23/07/2012; 25.943; 0; 0.735
24/07/2012; 25.722; 1.4; 0.556
25/07/2012; 41.173; 4.7; 0.824
26/07/2012; 61.487; 0; 0.686
27/07/2012; 60.85; 0; 1.097
28/07/2012; 45.576; 0; 1.177
29/07/2012; 73.078; 23.5; 0.925
30/07/2012; 112.373; 0; 0.984
31/07/2012; 126.738; 0; 0.796
01/08/2012; 122.864; 31.9; 1.104
02/08/2012; 119.887; 0.1; 0.733
03/08/2012; 104.666; 0; 1.163
04/08/2012; 88.088; 0; 0.949
05/08/2012; 74.456; 1; 1.225
06/08/2012; 61.168; 0.2; 0.913
07/08/2012; 50.754; 0; 0.707
08/08/2012; 41.984; 0; 1.058
09/08/2012; 33.929; 0; 0.974
10/08/2012; 30.769; 0; 1.057
11/08/2012; 28.658; 0; 1.3
12/08/2012; 26.387; 0; 1.014
13/08/2012; 24.412; 6.7; 1.084
14/08/2012; 22.921; 1.1; 1.047
15/08/2012; 21.881; 0; 0.878
16/08/2012; 20.86; 0; 0.992
17/08/2012; 20.458; 0; 1.022
18/08/2012; 20.059; 0; 1.102
19/08/2012; 19.663; 0; 0.809
20/08/2012; 18.497; 0; 0.78
21/08/2012; 18.497; 0.3; 1.031
22/08/2012; 17.736; 0; 1.016
23/08/2012; 17.174; 0; 1.22
24/08/2012; 16.988; 0; 1.175
25/08/2012; 16.073; 0.6; 1.226
26/08/2012; 25.722; 16; 1.12
27/08/2012; 49.001; 23.8; 1.216
28/08/2012; 79.721; 6.6; 1.212
29/08/2012; 85.871; 5.3; 1.032
30/08/2012; 78.656; 0; 1.08
31/08/2012; 71.71; 0; 1.307
01/09/2012; 67.674; 0; 1.797
02/09/2012; 65.693; 0; 1.301
03/09/2012; 61.487; 0; 1.556
04/09/2012; 58.644; 0; 1.757
05/09/2012; 56.472; 0; 1.633
06/09/2012; 47.848; 0; 1.517
07/09/2012; 38.518; 0; 1.498
08/09/2012; 31.486; 0.1; 1.428
09/09/2012; 29.354; 0.2; 1.499
10/09/2012; 81.151; 42.1; 1.749
11/09/2012; 172.552; 14.3; 1.74
12/09/2012; 225.307; 0; 1.553
13/09/2012; 242.901; 0.7; 1.483
14/09/2012; 228.746; 0; 1.8
15/09/2012; 208.686; 0; 1.404
16/09/2012; 181.106; 24.1; 1.436
17/09/2012; 162.408; 28; 1.463
18/09/2012; 166.277; 85.4; 1.341
19/09/2012; 269.239; 77.1; 1.54
20/09/2012; 342.102; 0; 1.365
21/09/2012; 386.19; 0; 1.36
22/09/2012; 404.437; 0; 1.692
23/09/2012; 363.645; 0; 1.564
24/09/2012; 323.769; 0; 1.906
25/09/2012; 277.143; 0.7; 1.906
26/09/2012; 241.096; 0; 2.023
27/09/2012; 186.984; 0.2; 2.124
28/09/2012; 157.628; 0; 1.895
29/09/2012; 135.527; 0; 2.391
30/09/2012; 109.914; 0.8; 1.831
01/10/2012; 93.733; 14.9; 1.967
02/10/2012; 77.597; 3.8; 1.847
03/10/2012; 88.088; 22.8; 1.798
04/10/2012; 108.288; 0; 2.336
05/10/2012; 101.096; 0; 2.278
06/10/2012; 91.08; 0; 2.217
07/10/2012; 81.51; 10.3; 2.054
08/10/2012; 147.785; 12.6; 1.967
09/10/2012; 140.015; 0; 2.419
10/10/2012; 112.373; 10.1; 2.26
11/10/2012; 111.551; 3.4; 1.905
12/10/2012; 130.662; 0.8; 2.31
13/10/2012; 122.437; 0; 2.189
14/10/2012; 109.1; 0; 2.313
15/10/2012; 92.972; 0; 2.338
16/10/2012; 81.51; 0; 2.455
17/10/2012; 71.71; 0; 2.249
18/10/2012; 62.447; 0; 2.047
19/10/2012; 54.638; 0; 2.287
20/10/2012; 47.848; 0; 1.765
21/10/2012; 45.576; 0; 2.181
22/10/2012; 62.447; 0; 2.325
23/10/2012; 60.533; 26.8; 2.182
24/10/2012; 60.216; 0.3; 2.304
25/10/2012; 55.552; 0; 2.543
26/10/2012; 48.423; 0; 2.466
27/10/2012; 41.984; 0; 2.492
28/10/2012; 38.518; 0; 2.648
29/10/2012; 35.684; 0; 2.802
30/10/2012; 33.434; 15.3; 2.667
31/10/2012; 31.007; 0; 2.817
01/11/2012; 29.121; 0; 2.685
02/11/2012; 26.387; 0; 2.74
03/11/2012; 24.628; 0; 2.933
04/11/2012; 22.921; 0; 2.987
05/11/2012; 21.266; 0; 3.339
06/11/2012; 19.663; 0; 2.779
07/11/2012; 18.497; 0; 3.486
08/11/2012; 18.497; 0; 2.924
09/11/2012; 18.115; 0; 3.245
10/11/2012; 17.925; 0; 3.224
11/11/2012; 17.36; 0; 3.318
12/11/2012; 16.62; 4.9; 3.239
13/11/2012; 16.254; 6.2; 3.655
14/11/2012; 16.803; 0; 3.747
15/11/2012; 17.174; 0.1; 3.409
16/11/2012; 17.548; 0; 3.215
17/11/2012; 18.115; 0; 3.311
18/11/2012; 18.882; 0; 3.348
19/11/2012; 18.115; 0; 3.228
20/11/2012; 18.115; 1.5; 3.398
21/11/2012; 17.548; 0; 3.435
22/11/2012; 16.62; 0; 3.319
23/11/2012; 16.62; 4; 3.5
24/11/2012; 16.62; 9.3; 3.216
25/11/2012; 16.988; 0; 3.777
26/11/2012; 16.62; 0; 3.703
27/11/2012; 16.254; 0; 3.376
28/11/2012; 16.254; 0; 3.479
29/11/2012; 16.62; 0; 3.829
30/11/2012; 16.437; 0; 3.739
01/12/2012; 16.62; 0; 3.533
02/12/2012; 16.254; 8.9; 3.804
03/12/2012; 15.18; 0; 3.971
04/12/2012; 20.059; 0; 3.68
05/12/2012; 23.343; 0; 3.107
06/12/2012; 18.882; 0; 3.65
07/12/2012; 18.115; 0; 4.099
08/12/2012; 18.882; 15.3; 3.934
09/12/2012; 16.254; 0; 3.797
10/12/2012; 14.828; 0; 3.503
11/12/2012; 24.628; 18.1; 4.025
12/12/2012; 21.266; 0; 3.938
13/12/2012; 20.059; 5.9; 3.476
14/12/2012; 17.925; 0; 3.561
15/12/2012; 16.254; 0; 3.954
16/12/2012; 15.18; 0; 3.948
17/12/2012; 16.988; 8.5; 3.934
18/12/2012; 16.254; 0; 3.605
19/12/2012; 15.893; 0; 3.926
20/12/2012; 15.357; 0; 3.812
21/12/2012; 16.62; 46.2; 3.607
22/12/2012; 15.893; 17.1; 3.661
23/12/2012; 15.534; 0; 3.736
24/12/2012; 15.357; 0; 3.373
25/12/2012; 14.828; 0; 3.472
26/12/2012; 15.18; 0.1; 3.906
27/12/2012; 44.458; 14.2; 4.128
28/12/2012; 115.271; 58.5; 3.576
29/12/2012; 151.036; 3.2; 4.157
30/12/2012; 146.862; 0; 3.929
31/12/2012; 125.873; 0; 3.915
01/01/2013; 117.779; 23.8; 4.127
02/01/2013; 116.104; 0.7; 3.926
03/01/2013; 105.868; 0; 3.574
04/01/2013; 90.704; 0; 4.324
05/01/2013; 74.456; 0; 4.009
06/01/2013; 99.527; 7.4; 3.846
07/01/2013; 116.522; 0; 3.966
08/01/2013; 131.981; 67.9; 4.155
09/01/2013; 141.827; 0; 4.025
10/01/2013; 145.022; 0; 4.212
11/01/2013; 135.082; 0; 4.09
12/01/2013; 116.104; 0; 4.127
13/01/2013; 95.648; 0; 4.032
14/01/2013; 73.078; 0; 4.158
15/01/2013; 54.033; 0; 4.169
16/01/2013; 41.713; 0; 3.771
17/01/2013; 31.486; 0; 4.211
18/01/2013; 27.74; 0.1; 4.134
19/01/2013; 33.434; 1.3; 3.87
20/01/2013; 33.434; 1.3; 3.74
21/01/2013; 28.658; 0; 3.838
22/01/2013; 25.943; 0; 4.184
23/01/2013; 25.063; 0; 4.096
24/01/2013; 23.768; 0; 3.747
25/01/2013; 23.768; 3.6; 3.517
26/01/2013; 23.768; 0; 3.49
27/01/2013; 23.768; 0; 3.812
28/01/2013; 23.768; 0; 3.418
29/01/2013; 22.921; 0; 3.995
30/01/2013; 21.675; 0; 3.542
31/01/2013; 20.059; 0; 3.764
01/02/2013; 16.62; 0; 3.623
02/02/2013; 19.271; 0; 3.61
03/02/2013; 21.266; 5; 3.213
04/02/2013; 26.387; 4.2; 3.66
05/02/2013; 24.412; 0; 3.635
06/02/2013; 21.675; 0; 3.069
07/02/2013; 18.497; 0; 3.558
08/02/2013; 16.803; 0; 3.019
09/02/2013; 18.115; 0.6; 2.93
10/02/2013; 18.882; 0.5; 3.638
11/02/2013; 18.882; 0.5; 3.06
12/02/2013; 19.076; 1.8; 3.215
13/02/2013; 18.305; 0; 3.342
14/02/2013; 18.115; 3.8; 3.072
15/02/2013; 45.015; 22.1; 3.115
16/02/2013; 39.571; 0.5; 3.142
17/02/2013; 31.486; 0; 3.16
18/02/2013; 26.165; 0; 2.727
19/02/2013; 23.768; 0; 3.366
20/02/2013; 23.982; 0; 3.268
21/02/2013; 45.015; 70.4; 3.154
22/02/2013; 52.532; 2; 2.972
23/02/2013; 42.529; 0; 3.36
24/02/2013; 32.942; 0; 2.782
25/02/2013; 28.658; 0; 2.844
26/02/2013; 25.722; 1.4; 2.998
27/02/2013; 23.768; 0; 3.113
28/02/2013; 21.675; 0; 2.736
01/03/2013; 20.059; 0; 3.082
02/03/2013; 20.86; 0; 3.206
03/03/2013; 18.305; 0; 2.953
04/03/2013; 28.658; 13.3; 2.752
05/03/2013; 32.942; 10.1; 2.857
06/03/2013; 34.676; 0; 2.326
07/03/2013; 31.486; 0; 2.795
08/03/2013; 27.513; 0; 3.015
09/03/2013; 25.943; 0.7; 2.953
10/03/2013; 25.282; 0; 2.589
11/03/2013; 24.628; 0; 2.692
12/03/2013; 24.197; 6.2; 2.793
13/03/2013; 33.929; 10.5; 2.441
14/03/2013; 50.167; 0.3; 2.886
15/03/2013; 53.731; 2.4; 2.642
16/03/2013; 50.754; 4.8; 2.795
17/03/2013; 51.936; 0.1; 2.802
18/03/2013; 51.343; 0; 2.878
19/03/2013; 47.561; 0; 2.778
20/03/2013; 53.13; 7.5; 2.602
21/03/2013; 104.267; 11.5; 2.698
22/03/2013; 128.476; 0; 2.847
23/03/2013; 122.437; 0; 2.742
24/03/2013; 109.1; 0; 2.359
25/03/2013; 93.353; 0; 2.958
26/03/2013; 83.315; 0; 2.85
27/03/2013; 68.34; 10.1; 2.585
28/03/2013; 59.271; 0.5; 2.813
29/03/2013; 55.552; 0; 1.846
30/03/2013; 50.46; 0; 2.24
31/03/2013; 43.903; 0; 2.531
01/04/2013; 33.681; 0; 2.313
02/04/2013; 30.058; 0.7; 2.262
03/04/2013; 27.74; 0.1; 2.23
04/04/2013; 34.177; 53.7; 2.261
05/04/2013; 47.848; 24.8; 2.089
06/04/2013; 46.991; 0; 2.405
07/04/2013; 37.996; 0; 2.091
08/04/2013; 31.969; 0; 2.16
09/04/2013; 27.74; 0; 2.242
10/04/2013; 25.063; 0; 2.086
11/04/2013; 24.628; 0.1; 2.167
12/04/2013; 28.197; 18.5; 1.856
13/04/2013; 44.458; 2.2; 1.882
14/04/2013; 46.423; 0; 1.741
15/04/2013; 43.351; 0; 2.153
16/04/2013; 35.938; 0; 2.085
17/04/2013; 30.294; 0; 2.373
18/04/2013; 26.835; 0.1; 1.656
19/04/2013; 25.063; 0; 2.186
20/04/2013; 23.768; 0; 1.822
21/04/2013; 22.502; 0.1; 1.687
22/04/2013; 21.675; 0.1; 1.982
23/04/2013; 20.86; 0; 2.065
24/04/2013; 20.059; 0; 1.962
25/04/2013; 18.882; 0; 1.833
26/04/2013; 18.497; 0; 2.078
27/04/2013; 18.497; 0; 1.763
28/04/2013; 18.115; 0; 1.695
29/04/2013; 21.881; 2.4; 1.727
30/04/2013; 24.628; 6.1; 1.78
01/05/2013; 22.087; 0; 1.605
02/05/2013; 20.258; 0; 1.449
03/05/2013; 19.861; 0.1; 1.64
04/05/2013; 18.689; 0.3; 1.209
05/05/2013; 17.925; 0; 1.446
06/05/2013; 17.736; 0; 1.473
07/05/2013; 17.548; 0; 1.615
08/05/2013; 17.548; 0.8; 1.3
09/05/2013; 17.548; 0; 1.226
10/05/2013; 16.988; 0; 1.338
11/05/2013; 17.174; 0.1; 1.074
12/05/2013; 15.893; 0; 1.325
13/05/2013; 16.254; 0; 1.122
14/05/2013; 16.803; 0.3; 1.428
15/05/2013; 16.988; 0; 1.626
16/05/2013; 22.294; 13.3; 1.226
17/05/2013; 21.266; 0; 1.249
18/05/2013; 19.861; 0; 1.301
19/05/2013; 18.882; 1.5; 1.145
20/05/2013; 22.502; 19.8; 1.111
21/05/2013; 25.501; 1.4; 1.498
22/05/2013; 20.86; 0; 1.234
23/05/2013; 19.663; 0; 1.444
24/05/2013; 18.115; 0.1; 1.368
25/05/2013; 17.736; 0; 1.128
26/05/2013; 17.736; 0; 0.768
27/05/2013; 16.62; 0; 1.281
28/05/2013; 16.254; 0; 1.398
29/05/2013; 20.059; 0.1; 0.906
30/05/2013; 40.636; 27.5; 0.979
31/05/2013; 41.984; 0; 0.696
01/06/2013; 32.454; 8.4; 0.886
02/06/2013; 39.571; 17.9; 1.018
03/06/2013; 36.448; 0.1; 0.737
04/06/2013; 30.058; 0.1; 1.309
05/06/2013; 26.165; 0.1; 0.906
06/06/2013; 23.555; 0; 0.576
07/06/2013; 22.921; 0; 0.72
08/06/2013; 22.294; 0.1; 0.81
09/06/2013; 20.458; 0.2; 0.903
10/06/2013; 18.882; 0; 0.484
11/06/2013; 19.271; 0.1; 0.744
12/06/2013; 19.663; 0; 0.787
13/06/2013; 19.076; 0; 0.795
14/06/2013; 18.497; 0.1; 0.861
15/06/2013; 18.882; 0.1; 0.391
16/06/2013; 18.882; 0; 0.775
17/06/2013; 18.115; 2.8; 0.595
18/06/2013; 18.305; 0; 0.241
19/06/2013; 19.271; 1.7; 0.803
20/06/2013; 23.768; 3.6; 0.444
21/06/2013; 43.076; 34.8; 0.488
22/06/2013; 75.845; 6.9; 0.862
23/06/2013; 75.845; 0; 0.931
24/06/2013; 70.016; 0; 0.932
25/06/2013; 59.585; 3.9; 0.784
26/06/2013; 49.874; 0.3; 0.457
27/06/2013; 44.458; 0.1; 0.776
28/06/2013; 50.167; 0.1; 0.681
29/06/2013; 57.089; 19.2; 0.386
30/06/2013; 76.194; 0.1; 0.274
01/07/2013; 84.407; 0; 1.04
02/07/2013; 65.038; 0; 0.64
03/07/2013; 50.754; 0; 0.629
04/07/2013; 38.518; 0; 0.755
05/07/2013; 34.426; 0; 0.863
06/07/2013; 30.531; 0; 0.934
07/07/2013; 60.85; 0; 0.705
08/07/2013; 128.476; 0; 0.237
09/07/2013; 132.864; 0; 0.867
10/07/2013; 124.15; 0; 0.859
11/07/2013; 103.47; 0; 0.923
12/07/2013; 85.138; 0; 0.685
13/07/2013; 70.692; 0; 0.779
14/07/2013; 62.447; 0; 0.728
15/07/2013; 102.28; 0; 0.741
16/07/2013; 108.288; 0; 0.788
17/07/2013; 85.138; 0; 0.97
18/07/2013; 75.497; 0; 0.545
19/07/2013; 88.46; 0; 0.826
20/07/2013; 88.832; 0; 0.725
21/07/2013; 81.51; 0; 0.386
22/07/2013; 75.497; 0; 0.708
23/07/2013; 67.674; 0; 0.682
24/07/2013; 56.78; 0; 0.887
25/07/2013; 45.015; 0; 0.604
26/07/2013; 38.256; 0; 0.925
27/07/2013; 34.426; 0; 0.456
28/07/2013; 32.454; 0; 0.855
29/07/2013; 31.007; 0; 0.705
30/07/2013; 27.74; 0; 0.569
31/07/2013; 26.165; 0; 0.95
01/08/2013; 23.982; 0; 0.81
02/08/2013; 21.266; 0; 0.97
03/08/2013; 21.881; 1.1; 0.963
04/08/2013; 55.552; 14.8; 0.991
05/08/2013; 94.115; 0.1; 0.997
06/08/2013; 82.591; 1.5; 0.977
07/08/2013; 64.386; 1.5; 1.064
08/08/2013; 51.936; 6.5; 1.094
09/08/2013; 47.561; 2.6; 1.073
10/08/2013; 108.288; 22.2; 0.708
11/08/2013; 223.601; 16.9; 1.056
12/08/2013; 310.51; 0.1; 1.033
13/08/2013; 423.323; 0.8; 0.942
14/08/2013; 471.942; 3.6; 0.839
15/08/2013; 448.569; 0.8; 1.259
16/08/2013; 407.096; 0; 1.363
17/08/2013; 346.804; 0; 1.048
18/08/2013; 285.219; 0; 0.758
19/08/2013; 232.225; 0; 0.779
20/08/2013; 172.552; 0; 0.774
21/08/2013; 143.193; 0; 1.421
22/08/2013; 123.721; 0; 1.416
23/08/2013; 136.419; 31.7; 1.152
24/08/2013; 181.106; 23.6; 1.162
25/08/2013; 351.555; 72; 1.463
26/08/2013; 571.239; 30.5; 0.835
27/08/2013; 643.123; 12.1; 0.581
28/08/2013; 665.953; 5; 1.185
29/08/2013; 620.884; 0; 1.325
30/08/2013; 567.811; 0; 1.271
31/08/2013; 515.029; 0; 1.365
01/09/2013; 434.408; 0; 1.102
02/09/2013; 346.804; 0.7; 1.254
03/09/2013; 265.351; 0.3; 1.484
04/09/2013; 189.975; 0.9; 1.347
05/09/2013; 152.907; 0; 1.494
06/09/2013; 124.15; 0; 1.596
07/09/2013; 102.676; 0; 1.507
08/09/2013; 86.607; 3.4; 1.747
09/09/2013; 72.393; 0; 1.717
10/09/2013; 57.399; 0; 1.5
11/09/2013; 45.015; 0; 1.729
12/09/2013; 37.218; 0; 1.698
13/09/2013; 34.426; 0; 1.738
14/09/2013; 32.454; 0; 1.779
15/09/2013; 30.058; 0; 1.443
16/09/2013; 56.165; 23.8; 1.398
17/09/2013; 86.607; 8.3; 1.906
18/09/2013; 76.894; 0; 1.877
19/09/2013; 58.957; 0; 1.594
20/09/2013; 56.165; 0; 1.682
21/09/2013; 132.422; 31.8; 1.65
22/09/2013; 184.027; 7.5; 1.449
23/09/2013; 232.225; 14.7; 1.523
24/09/2013; 239.302; 12.2; 1.765
25/09/2013; 233.98; 26.8; 1.577
26/09/2013; 235.744; 0; 1.814
27/09/2013; 242.901; 0; 1.945
28/09/2013; 248.374; 4.7; 1.687
29/09/2013; 228.746; 0.2; 1.775
30/09/2013; 196.066; 0; 2.005
01/10/2013; 160.01; 0.2; 2.166
02/10/2013; 138.212; 0; 1.899
03/10/2013; 118.62; 0; 1.981
04/10/2013; 103.47; 0; 1.75
05/10/2013; 91.457; 11.1; 2.105
06/10/2013; 83.678; 0; 2.535
07/10/2013; 75.149; 0; 2.476
08/10/2013; 62.447; 0; 1.994
09/10/2013; 51.639; 0; 2.335
10/10/2013; 43.351; 0; 2.271
11/10/2013; 36.193; 0; 2.57
12/10/2013; 34.426; 0; 2.409
13/10/2013; 34.426; 17.4; 2.184
14/10/2013; 36.448; 0; 2.398
15/10/2013; 34.927; 0; 2.31
16/10/2013; 32.698; 0; 2.301
17/10/2013; 29.354; 0.2; 2.155
18/10/2013; 25.282; 0; 2.412
19/10/2013; 23.982; 0; 1.818
20/10/2013; 22.502; 0; 1.925
21/10/2013; 25.501; 13.4; 2.209
22/10/2013; 57.399; 19.8; 2.031
23/10/2013; 75.497; 3.2; 2.299
24/10/2013; 162.89; 41.4; 2.198
25/10/2013; 193.003; 0.1; 2.525
26/10/2013; 191.484; 0.4; 2.557
27/10/2013; 184.027; 24.6; 2.476
28/10/2013; 181.106; 0; 2.435
29/10/2013; 167.25; 0; 2.557
30/10/2013; 159.533; 0; 2.396
31/10/2013; 146.862; 0; 2.966
01/11/2013; 131.101; 0; 3.098
02/11/2013; 112.373; 0; 2.873
03/11/2013; 94.88; 0.7; 2.674
04/11/2013; 80.077; 0.8; 3.317
05/11/2013; 67.011; 0; 2.868
06/11/2013; 53.43; 0; 3.296
07/11/2013; 42.802; 0; 2.939
08/11/2013; 34.676; 0; 2.956
09/11/2013; 28.197; 0; 3.491
10/11/2013; 23.768; 0.2; 3.425
11/11/2013; 94.497; 105.5; 3.311
12/11/2013; 239.302; 32.1; 3.389
13/11/2013; 299.776; 0; 3.448
14/11/2013; 314.884; 0; 3.404
15/11/2013; 279.146; 0; 3.346
16/11/2013; 242.901; 23.7; 3.428
17/11/2013; 208.686; 0; 3.209
18/11/2013; 161.928; 0; 2.757
19/11/2013; 134.637; 0; 3.303
20/11/2013; 116.522; 4.9; 3.426
21/11/2013; 108.288; 12.2; 3.336
22/11/2013; 121.159; 3.5; 3.479
23/11/2013; 130.224; 0; 3.417
24/11/2013; 124.15; 0; 3.5
25/11/2013; 109.507; 0; 3.407
26/11/2013; 114.44; 0; 3.516
27/11/2013; 97.579; 0; 3.661
28/11/2013; 78.656; 1; 3.434
29/11/2013; 62.768; 0; 3.696
30/11/2013; 51.343; 0; 3.688
01/12/2013; 40.102; 0; 3.432
02/12/2013; 37.218; 5.3; 3.527
03/12/2013; 33.434; 4.4; 3.764
04/12/2013; 30.058; 32; 3.648
05/12/2013; 82.953; 31.4; 4.003
06/12/2013; 143.649; 0.1; 4.037
07/12/2013; 120.734; 0; 3.892
08/12/2013; 96.033; 0; 3.764
09/12/2013; 73.765; 0; 3.848
10/12/2013; 80.792; 1.6; 3.93
11/12/2013; 116.94; 1.3; 3.761
12/12/2013; 116.522; 0; 3.848
13/12/2013; 96.419; 0; 3.58
14/12/2013; 80.792; 0.3; 3.95
15/12/2013; 57.399; 0; 3.825
16/12/2013; 45.295; 0; 3.788
17/12/2013; 35.179; 0; 3.948
18/12/2013; 30.058; 0; 4.025
19/12/2013; 26.835; 0; 3.973
20/12/2013; 24.197; 0; 3.564
21/12/2013; 21.675; 0; 3.83
22/12/2013; 20.059; 0; 3.58
23/12/2013; 21.881; 0; 3.53
24/12/2013; 20.059; 0; 3.756
25/12/2013; 18.115; 0; 3.959
26/12/2013; 18.115; 0; 3.649
27/12/2013; 19.663; 0; 4.014
28/12/2013; 21.063; 0; 3.527
29/12/2013; 21.063; 0; 3.714
30/12/2013; 20.86; 0; 3.791
31/12/2013; 22.294; 0.2; 3.467
01/01/2014; 26.611; 3.6; 4.082
02/01/2014; 25.722; 0.1; 4.111
03/01/2014; 27.74; 4; 3.855
04/01/2014; 42.529; 9.2; 3.806
05/01/2014; 36.961; 0; 3.862
06/01/2014; 29.121; 0; 4.066
07/01/2014; 25.943; 0; 4.025
08/01/2014; 24.197; 0; 3.86
09/01/2014; 19.076; 0; 3.722
10/01/2014; 25.063; 14.6; 3.504
11/01/2014; 36.961; 10.3; 4.107
12/01/2014; 53.731; 9.1; 3.779
13/01/2014; 66.021; 0.2; 3.94
14/01/2014; 75.845; 1.3; 3.587
15/01/2014; 79.365; 8.3; 3.812
16/01/2014; 73.078; 3.5; 4.058
17/01/2014; 56.165; 0; 3.98
18/01/2014; 37.736; 0; 4.151
19/01/2014; 26.387; 0; 3.757
20/01/2014; 23.768; 0; 4.191
21/01/2014; 21.47; 0; 3.712
22/01/2014; 18.689; 0; 3.819
23/01/2014; 18.882; 0; 4.035
24/01/2014; 19.271; 0; 3.811
25/01/2014; 22.294; 5.7; 3.658
26/01/2014; 24.412; 2; 3.742
27/01/2014; 25.722; 1.6; 3.748
28/01/2014; 27.286; 0; 4.075
29/01/2014; 25.722; 2.6; 3.495
30/01/2014; 22.502; 0; 3.503
31/01/2014; 27.06; 0.7; 3.234
01/02/2014; 66.351; 2; 3.875
02/02/2014; 67.011; 6.2; 3.434
03/02/2014; 53.43; 0; 3.587
04/02/2014; 45.857; 0.2; 3.534
05/02/2014; 38.78; 0; 3.292
06/02/2014; 27.968; 0; 3.218
07/02/2014; 23.343; 0; 3.471
08/02/2014; 22.294; 0; 3.228
09/02/2014; 21.881; 6.5; 2.933
10/02/2014; 22.921; 0; 3.405
11/02/2014; 20.86; 22.9; 2.749
12/02/2014; 20.059; 0; 3.261
13/02/2014; 46.423; 2.1; 3.155
14/02/2014; 84.407; 42; 3.155
15/02/2014; 103.47; 2.4; 3.171
16/02/2014; 93.733; 0; 3.066
17/02/2014; 75.497; 0; 2.941
18/02/2014; 61.806; 0; 2.665
19/02/2014; 51.936; 0; 3.499
20/02/2014; 47.276; 0; 3.328
21/02/2014; 43.903; 0.6; 3.079
22/02/2014; 42.256; 0; 2.958
23/02/2014; 37.477; 3.1; 3.299
24/02/2014; 54.335; 3.7; 3.417
25/02/2014; 69.008; 0; 3.001
26/02/2014; 75.149; 22.7; 3.458
27/02/2014; 88.832; 29.6; 3.007
28/02/2014; 120.734; 3.7; 2.974
01/03/2014; 123.721; 0.3; 2.835
02/03/2014; 117.779; 0; 2.734
03/03/2014; 101.096; 0; 2.663
04/03/2014; 109.1; 14.6; 2.769
05/03/2014; 121.159; 2.6; 2.669
06/03/2014; 111.551; 0.4; 2.533
07/03/2014; 88.46; 0; 2.234
08/03/2014; 73.078; 0; 2.864
09/03/2014; 56.78; 26; 2.685
10/03/2014; 49.001; 0; 3.004
11/03/2014; 40.636; 15.1; 2.936
12/03/2014; 32.942; 0; 2.72
13/03/2014; 29.588; 0; 2.957
14/03/2014; 28.197; 0; 2.882
15/03/2014; 26.835; 1.3; 2.323
16/03/2014; 25.722; 0; 2.876
17/03/2014; 26.611; 20.6; 2.641
18/03/2014; 35.684; 15.9; 3.211
19/03/2014; 43.351; 9; 2.979
20/03/2014; 46.14; 2.6; 2.714
21/03/2014; 43.903; 0.1; 2.525
22/03/2014; 39.043; 2.7; 2.822
23/03/2014; 36.193; 0; 2.748
24/03/2014; 33.929; 0; 2.78
25/03/2014; 31.486; 0; 2.979
26/03/2014; 27.74; 0; 2.783
27/03/2014; 26.387; 0; 2.545
28/03/2014; 25.063; 0; 2.51
29/03/2014; 23.343; 0; 2.297
30/03/2014; 21.47; 0; 2.653
31/03/2014; 25.501; 15.2; 2.782
01/04/2014; 41.713; 11.9; 2.353
02/04/2014; 73.421; 2.8; 2.277
03/04/2014; 78.656; 0; 2.173
04/04/2014; 74.802; 0; 1.922
05/04/2014; 65.693; 0; 2.376
06/04/2014; 53.13; 0; 1.911
07/04/2014; 41.173; 0; 2.152
08/04/2014; 35.938; 0; 2.024
09/04/2014; 39.836; 12.4; 2.087
10/04/2014; 39.571; 0; 1.892
11/04/2014; 37.218; 0; 1.776
12/04/2014; 73.765; 53.8; 2.253
13/04/2014; 74.456; 0; 1.989
14/04/2014; 62.447; 0; 2.319
15/04/2014; 47.848; 0; 2.112
16/04/2014; 40.102; 0; 1.772
17/04/2014; 34.927; 0; 1.602
18/04/2014; 36.193; 0.2; 1.831
19/04/2014; 36.961; 1.6; 1.875
20/04/2014; 36.448; 0.8; 1.826
21/04/2014; 36.961; 0; 1.836
22/04/2014; 36.448; 0; 1.693
23/04/2014; 34.426; 0; 1.955
24/04/2014; 32.454; 0; 1.814
25/04/2014; 29.354; 0; 1.785
26/04/2014; 27.513; 0; 1.814
27/04/2014; 25.501; 0; 1.717
28/04/2014; 23.768; 0; 1.88
29/04/2014; 22.921; 0; 1.84
30/04/2014; 22.502; 0; 1.512
01/05/2014; 22.502; 1.4; 1.853
02/05/2014; 22.502; 0; 1.218
03/05/2014; 22.921; 0; 1.718
04/05/2014; 25.063; 19.7; 1.402
05/05/2014; 31.007; 6.6; 1.427
06/05/2014; 28.889; 0.1; 1.173
07/05/2014; 25.501; 0.7; 1.139
08/05/2014; 23.555; 0; 1.096
09/05/2014; 22.921; 8.4; 1.291
10/05/2014; 22.711; 3.9; 1.312
11/05/2014; 23.343; 0; 0.93
12/05/2014; 22.087; 0; 1.168
13/05/2014; 21.675; 0.7; 1.371
14/05/2014; 21.266; 0; 1.195
15/05/2014; 19.271; 0.1; 1.546
16/05/2014; 34.426; 8.1; 1.307
17/05/2014; 51.343; 0; 1.228
18/05/2014; 38.78; 0.1; 1.333
19/05/2014; 31.486; 0; 1.24
20/05/2014; 26.165; 0; 1.356
21/05/2014; 22.502; 0; 1.37
22/05/2014; 32.942; 12.4; 1.438
23/05/2014; 38.518; 2.1; 1.251
24/05/2014; 39.836; 0; 1.423
25/05/2014; 39.043; 0; 1.001
26/05/2014; 34.426; 0; 0.997
27/05/2014; 36.448; 0; 1.114
28/05/2014; 38.518; 0; 1.011
29/05/2014; 33.929; 0; 1.029
30/05/2014; 30.294; 0; 1.103
31/05/2014; 30.531; 6.7; 1.207
01/06/2014; 45.295; 15.7; 0.861
02/06/2014; 58.02; 0.9; 0.674
03/06/2014; 53.731; 0.1; 0.635
04/06/2014; 44.458; 0; 0.956
05/06/2014; 59.9; 22; 0.7
06/06/2014; 126.738; 10.6; 0.82
07/06/2014; 140.015; 1.2; 0.813
08/06/2014; 140.919; 0; 0.716
09/06/2014; 141.373; 0.1; 0.523
10/06/2014; 136.419; 0.2; 0.664
11/06/2014; 127.171; 0.2; 0.469
12/06/2014; 110.322; 0; 0.643
13/06/2014; 98.356; 0; 0.905
14/06/2014; 159.533; 67.6; 0.491
15/06/2014; 215.22; 1.5; 0.783
16/06/2014; 246.54; 0; 0.841
17/06/2014; 253.94; 1; 0.316
18/06/2014; 242.901; 0.2; 0.459
19/06/2014; 221.906; 0; 0.746
20/06/2014; 193.003; 0; 0.575
21/06/2014; 163.372; 0.1; 0.574
22/06/2014; 145.022; 0; 0.627
23/06/2014; 126.738; 2; 0.828
24/06/2014; 114.855; 2.5; 0.778
25/06/2014; 122.437; 23.6; 0.669
26/06/2014; 135.082; 1.6; 0.456
27/06/2014; 151.036; 1.8; 0.87
28/06/2014; 164.338; 20.1; 0.708
29/06/2014; 193.003; 31.3; 0.426
30/06/2014; 200.73; 24.3; 0.881
01/07/2014; 211.934; 3.7; 0.671
02/07/2014; 228.746; 0; 1.028
03/07/2014; 255.816; 5.9; 0.748
04/07/2014; 293.471; 95.5; 0.535
05/07/2014; 310.51; 7.4; 0.853
06/07/2014; 310.51; 0; 0.684
07/07/2014; 297.663; 2.1; 0.797
08/07/2014; 263.423; 0; 0.678
09/07/2014; 218.544; 0.1; 0.824
10/07/2014; 166.277; 0; 0.583
11/07/2014; 146.401; 0; 0.884
12/07/2014; 124.15; 0; 0.739
13/07/2014; 105.466; 0; 0.588
14/07/2014; 95.648; 0; 0.791
15/07/2014; 79.721; 0; 0.739
16/07/2014; 65.693; 0; 0.665
17/07/2014; 51.343; 0; 0.537
18/07/2014; 74.456; 33.7; 0.75
19/07/2014; 116.522; 2.1; 1.184
20/07/2014; 134.637; 0.1; 0.499
21/07/2014; 135.527; 0; 0.659
22/07/2014; 125.01; 0; 0.483
23/07/2014; 116.94; 17.2; 0.899
24/07/2014; 144.564; 61.4; 0.897
25/07/2014; 173.956; 23.4; 0.987
26/07/2014; 199.166; 0; 1.193
27/07/2014; 203.884; 0; 0.735
28/07/2014; 202.302; 0; 0.482
29/07/2014; 186.984; 0; 1.354
30/07/2014; 165.306; 0; 0.393
31/07/2014; 148.247; 0.9; 0.998
01/08/2014; 131.101; 0; 1.027
02/08/2014; 122.437; 19; 0.987
03/08/2014; 116.94; 0.2; 1.116
04/08/2014; 107.479; 8; 0.877
05/08/2014; 103.073; 5.5; 1.248
06/08/2014; 88.832; 0; 1.071
07/08/2014; 75.149; 0; 1.137
08/08/2014; 63.737; 4.5; 0.986
09/08/2014; 52.83; 0; 0.794
10/08/2014; 46.991; 2.5; 0.868
11/08/2014; 44.458; 27.7; 1.371
12/08/2014; 43.903; 0.8; 1.067
13/08/2014; 49.583; 0; 1.26
14/08/2014; 49.292; 0; 0.796
15/08/2014; 43.626; 0; 1.214
16/08/2014; 41.173; 0.5; 1.023
17/08/2014; 37.218; 1; 1.214
18/08/2014; 34.676; 0; 0.76
19/08/2014; 33.188; 0.2; 1.065
20/08/2014; 31.486; 0; 1.254
21/08/2014; 30.294; 0; 1.029
22/08/2014; 27.968; 0; 1.375
23/08/2014; 26.387; 0; 0.748
24/08/2014; 24.628; 0; 0.776
25/08/2014; 23.982; 0; 1.141
26/08/2014; 24.628; 20.6; 0.921
27/08/2014; 23.132; 0; 0.948
28/08/2014; 22.502; 0; 1.015
29/08/2014; 22.294; 0; 0.858
30/08/2014; 22.711; 0; 1.402
31/08/2014; 66.68; 38.6; 0.968
01/09/2014; 106.269; 0; 1.323
02/09/2014; 95.264; 0; 1.113
03/09/2014; 99.527; 27.6; 1.074
04/09/2014; 94.115; 0; 1.366
05/09/2014; 77.949; 0; 1.254
06/09/2014; 73.765; 0; 1.455
07/09/2014; 73.765; 14.1; 1.641
08/09/2014; 71.031; 0; 1.648
09/09/2014; 58.02; 0; 1.559
10/09/2014; 51.048; 0; 1.446
11/09/2014; 116.104; 36.8; 1.476
12/09/2014; 221.906; 19.7; 1.469
13/09/2014; 301.901; 8.3; 1.327
14/09/2014; 332.84; 0; 1.642
15/09/2014; 368.567; 16.6; 1.639
16/09/2014; 386.19; 1; 1.463
17/09/2014; 351.555; 0; 1.531
18/09/2014; 304.036; 0; 1.696
19/09/2014; 250.219; 0; 1.648
20/09/2014; 191.484; 0.4; 2.124
21/09/2014; 148.247; 0; 1.605
22/09/2014; 125.01; 0.6; 1.548
23/09/2014; 107.479; 0; 1.886
24/09/2014; 89.953; 0.9; 1.528
25/09/2014; 74.456; 0; 1.233
26/09/2014; 79.365; 21.3; 1.658
27/09/2014; 88.832; 0; 1.771
28/09/2014; 77.245; 0; 1.809
29/09/2014; 70.354; 6.8; 1.497
30/09/2014; 69.68; 0.1; 1.682
01/10/2014; 70.354; 7.2; 1.795
02/10/2014; 69.008; 0; 2.281
03/10/2014; 66.351; 0; 1.881
04/10/2014; 56.78; 0; 1.975
05/10/2014; 49.001; 0; 2.01
06/10/2014; 40.636; 0.1; 2.378
07/10/2014; 35.431; 0; 2.216
08/10/2014; 33.681; 0; 2.403
09/10/2014; 31.727; 0; 2.342
10/10/2014; 29.588; 0; 2.199
11/10/2014; 28.427; 2.2; 2.358
12/10/2014; 48.423; 10.9; 1.906
13/10/2014; 72.051; 0.1; 2.294
14/10/2014; 103.47; 12.8; 2.524
15/10/2014; 114.855; 0; 2.138
16/10/2014; 101.885; 13.1; 2.326
17/10/2014; 123.292; 80.3; 2.277
18/10/2014; 185.501; 15.3; 2.077
19/10/2014; 242.901; 29; 2.337
20/10/2014; 297.663; 3.6; 2.539
21/10/2014; 337.447; 0; 2.528
22/10/2014; 351.555; 0; 2.445
23/10/2014; 317.087; 0; 2.401
24/10/2014; 257.702; 0.1; 2.07
25/10/2014; 186.984; 0; 2.391
26/10/2014; 155.732; 0; 1.976
27/10/2014; 122.011; 0; 2.635
28/10/2014; 101.49; 0; 2.327
29/10/2014; 81.51; 0; 2.549
30/10/2014; 63.737; 9.4; 2.514
31/10/2014; 50.754; 1.2; 3.044
01/11/2014; 40.369; 0; 2.954
02/11/2014; 36.704; 4.2; 2.638
03/11/2014; 35.938; 15.8; 2.996
04/11/2014; 51.639; 13.5; 2.824
05/11/2014; 76.544; 0.8; 2.706
06/11/2014; 73.765; 0; 2.813
07/11/2014; 72.735; 7.5; 3.059
08/11/2014; 87.346; 3.3; 3.031
09/11/2014; 84.772; 0; 3.235
10/11/2014; 74.11; 0; 3.202
11/11/2014; 66.351; 0; 3.09
12/11/2014; 59.9; 0; 3.302
13/11/2014; 64.386; 0; 3.664
14/11/2014; 71.031; 0; 3.232
15/11/2014; 67.342; 0; 2.902
16/11/2014; 56.165; 0; 3.875
17/11/2014; 44.18; 0; 3.268
18/11/2014; 37.477; 0; 2.994
19/11/2014; 32.454; 0; 3.07
20/11/2014; 30.058; 0; 3.204
21/11/2014; 33.929; 0; 3.142
22/11/2014; 42.529; 0; 2.921
23/11/2014; 39.306; 0; 3.158
24/11/2014; 32.211; 0; 3.215
25/11/2014; 41.443; 0; 3.448
26/11/2014; 46.14; 0; 3.301
27/11/2014; 37.477; 0; 3.199
28/11/2014; 28.658; 0; 3.495
29/11/2014; 22.087; 0; 3.707
30/11/2014; 21.47; 0; 3.407
01/12/2014; 20.659; 0; 3.161
02/12/2014; 22.087; 0; 3.531
03/12/2014; 37.996; 0; 3.757
04/12/2014; 35.431; 0; 3.534
05/12/2014; 28.658; 0; 3.67
06/12/2014; 26.165; 0; 3.603
07/12/2014; 22.921; 0; 3.646
08/12/2014; 20.86; 0; 3.484
09/12/2014; 23.343; 0; 3.454
10/12/2014; 23.343; 0; 3.934
11/12/2014; 34.927; 0; 4.268
12/12/2014; 37.996; 0; 3.438
13/12/2014; 54.942; 0; 3.727
14/12/2014; 65.038; 0; 3.761
15/12/2014; 51.936; 0; 3.827
16/12/2014; 40.636; 0; 3.789
17/12/2014; 33.434; 0; 3.775
18/12/2014; 27.74; 0; 3.641
19/12/2014; 25.501; 0; 3.834
20/12/2014; 27.74; 0; 3.413
21/12/2014; 63.413; 0; 3.931
22/12/2014; 138.212; 0; 4.141
23/12/2014; 142.281; 0; 4.037
24/12/2014; 124.15; 0; 3.539
25/12/2014; 96.419; 0; 3.46
26/12/2014; 74.11; 0; 3.792
27/12/2014; 64.061; 0; 4.03
28/12/2014; 60.216; 0; 3.595
29/12/2014; 56.165; 0; 3.53
30/12/2014; 48.712; 0; 4.267
31/12/2014; 39.306; 0; 3.883
01/01/2015; 35.185; 4.9; 3.699
02/01/2015; 58.478; 17.8; 3.8
03/01/2015; 83.316; 0; 3.927
04/01/2015; 70.978; 0; 3.843
05/01/2015; 57.325; 0; 3.769
06/01/2015; 45.506; 0; 3.972
07/01/2015; 38.979; 0; 3.657
08/01/2015; 46.233; 18.4; 4.105
09/01/2015; 76.54; 22; 3.898
10/01/2015; 122.326; 10; 3.804
11/01/2015; 116.539; 0; 4.079
12/01/2015; 93.306; 0; 3.742
13/01/2015; 68.966; 0; 3.917
14/01/2015; 61.19; 26.7; 3.699
15/01/2015; 76.723; 15.4; 3.628
16/01/2015; 89.834; 0.1; 3.87
17/01/2015; 82.354; 0.1; 3.836
18/01/2015; 71.859; 5.1; 3.949
19/01/2015; 63.015; 0; 4.221
20/01/2015; 56.305; 0; 4.055
21/01/2015; 71.506; 26.1; 3.906
22/01/2015; 93.72; 0; 4.012
23/01/2015; 84.674; 0; 3.864
24/01/2015; 65.908; 0; 3.742
25/01/2015; 53.522; 0; 3.617
26/01/2015; 41.561; 0; 3.519
27/01/2015; 34.618; 0; 4.047
28/01/2015; 34.618; 0; 3.488
29/01/2015; 51.894; 7.2; 3.612
30/01/2015; 88.227; 6.6; 3.776
31/01/2015; 87.43; 0; 3.417
01/02/2015; 69.501; 3.9; 3.474
02/02/2015; 57.709; 0; 3.597
03/02/2015; 51.271; 0; 3.472
04/02/2015; 45.144; 0; 3.581
05/02/2015; 39.68; 0; 3.536
06/02/2015; 34.392; 11.6; 3.252
07/02/2015; 31.156; 0.8; 3.249
08/02/2015; 27.891; 0; 2.898
09/02/2015; 26.081; 0; 3.384
10/02/2015; 28.214; 0.8; 3.339
11/02/2015; 29.621; 11.2; 3.292
12/02/2015; 30.058; 12.7; 3.082
13/02/2015; 30.386; 0; 3.312
14/02/2015; 30.496; 0; 3.576
15/02/2015; 30.386; 0; 3.089
16/02/2015; 30.825; 0; 3.202
17/02/2015; 32.041; 0; 2.79
18/02/2015; 33.491; 0.4; 3.042
19/02/2015; 37.589; 0; 3.531
20/02/2015; 43.822; 2.4; 3.058
21/02/2015; 52.769; 0.7; 2.984
22/02/2015; 58.992; 0.2; 3.168
23/02/2015; 55.669; 0; 2.746
24/02/2015; 48.797; 19.7; 3.028
25/02/2015; 42.985; 0.2; 2.971
26/02/2015; 38.979; 21.4; 3.396
27/02/2015; 49.413; 4.3; 2.946
28/02/2015; 55.542; 4.7; 2.732
01/03/2015; 48.184; 0; 3.096
02/03/2015; 34.618; 0; 3.01
03/03/2015; 30.386; 0; 2.748
04/03/2015; 29.512; 0; 2.798
05/03/2015; 37.589; 30.3; 2.812
06/03/2015; 35.868; 2.1; 2.544
07/03/2015; 30.715; 0; 2.712
08/03/2015; 24.613; 0; 2.765
09/03/2015; 21.236; 0; 2.773
10/03/2015; 28.645; 0.7; 2.821
11/03/2015; 99.2; 5.3; 2.565
12/03/2015; 133.787; 0; 2.875
13/03/2015; 139.735; 0; 2.903
14/03/2015; 140.338; 0; 2.965
15/03/2015; 136.445; 0; 2.846
16/03/2015; 127.126; 0; 2.93
17/03/2015; 108.675; 0; 3.249
18/03/2015; 88.426; 0; 2.869
19/03/2015; 71.682; 0; 2.728
20/03/2015; 58.478; 0; 2.792
21/03/2015; 46.111; 0; 2.839
22/03/2015; 44.422; 0; 2.514
23/03/2015; 42.39; 0.1; 2.143
24/03/2015; 35.982; 0; 2.78
25/03/2015; 32.263; 0; 2.985
26/03/2015; 29.295; 2.4; 2.369
27/03/2015; 27.999; 0.4; 2.69
28/03/2015; 29.512; 0; 2.528
29/03/2015; 28.645; 0; 2.512
30/03/2015; 29.839; 11.5; 2.5
31/03/2015; 34.618; 0.1; 2.521
01/04/2015; 35.754; 1.3; 2.675
02/04/2015; 31.819; 0; 2.048
03/04/2015; 27.784; 0; 2.255
04/04/2015; 25.449; 0; 2.125
05/04/2015; 25.24; 0.3; 2.079
06/04/2015; 34.279; 11.6; 2.152
07/04/2015; 46.84; 0.1; 2.024
08/04/2015; 46.597; 0; 2.333
09/04/2015; 38.747; 0; 2.199
10/04/2015; 33.379; 0; 2.066
11/04/2015; 29.948; 0; 2.046
12/04/2015; 27.677; 0; 1.61
13/04/2015; 26.081; 9; 1.843
14/04/2015; 24.094; 0; 2.042
15/04/2015; 24.405; 0.9; 2.276
16/04/2015; 29.73; 3.5; 1.411
17/04/2015; 28.214; 0; 2.056
18/04/2015; 30.386; 21.7; 1.91
19/04/2015; 29.621; 0; 1.799
20/04/2015; 44.181; 9.5; 1.634
21/04/2015; 105.979; 8.4; 2.083
22/04/2015; 116.811; 0; 1.972
23/04/2015; 102.446; 0.2; 1.737
24/04/2015; 83.703; 2.6; 1.897
25/04/2015; 70.709; 0.1; 1.839
26/04/2015; 60.153; 0; 1.275
27/04/2015; 51.146; 0; 1.746
28/04/2015; 42.628; 0; 1.97
29/04/2015; 36.668; 0; 1.672
30/04/2015; 33.379; 3.3; 1.624
01/05/2015; 31.93; 0; 1.773
02/05/2015; 30.167; 0; 1.841
03/05/2015; 30.058; 2.1; 1.458
04/05/2015; 29.839; 4.4; 1.919
05/05/2015; 31.597; 0.2; 1.707
06/05/2015; 29.948; 0; 0.968
07/05/2015; 26.61; 0; 1.454
08/05/2015; 24.717; 0; 1.425
09/05/2015; 24.926; 0; 1.314
10/05/2015; 25.03; 1.8; 1.414
11/05/2015; 27.999; 10.4; 1.275
12/05/2015; 42.271; 10.4; 1.073
13/05/2015; 63.669; 0; 1.398
14/05/2015; 57.069; 0; 1.632
15/05/2015; 53.145; 0; 1.225
16/05/2015; 50.526; 0; 1.302
17/05/2015; 48.674; 0; 1.256
18/05/2015; 47.084; 0.2; 0.792
19/05/2015; 43.105; 0; 1.109
20/05/2015; 38.051; 0; 1.35
21/05/2015; 32.485; 0; 1.549
22/05/2015; 29.078; 0; 0.954
23/05/2015; 27.999; 0; 1.353
24/05/2015; 30.496; 9.5; 1.139
25/05/2015; 31.708; 0.7; 1.283
26/05/2015; 31.819; 0; 0.975
27/05/2015; 58.992; 28.9; 1.108
28/05/2015; 103.762; 57.7; 1.246
29/05/2015; 173.717; 9.5; 1.306
30/05/2015; 214.731; 0.1; 1.016
31/05/2015; 270.271; 0.1; 1.116
01/06/2015; 307.888; 0.1; 1.128
02/06/2015; 313.33; 0.1; 0.797
03/06/2015; 278.962; 0.1; 1.016
04/06/2015; 222.309; 0; 0.762
05/06/2015; 171.006; 0.1; 0.903
06/06/2015; 143.374; 57.1; 0.566
07/06/2015; 125.703; 0; 0.532
08/06/2015; 105.533; 0.3; 0.357
09/06/2015; 84.869; 0.2; 0.704
10/06/2015; 68.032; 0; 0.745
11/06/2015; 88.027; 17.2; 1.13
12/06/2015; 157.813; 15.6; 0.812
13/06/2015; 172.697; 0; 0.829
14/06/2015; 175.081; 0; 0.398
15/06/2015; 164.665; 0; 0.678
16/06/2015; 150.182; 0; 0.767
17/06/2015; 133.787; 0; 0.528
18/06/2015; 186.668; 57.4; 0.624
19/06/2015; 263.438; 0.1; 0.806
20/06/2015; 302.333; 0; 0.558
21/06/2015; 317.103; 0.2; 0.488
22/06/2015; 303.255; 1.3; 0.667
23/06/2015; 293.211; 12.4; 0.475
24/06/2015; 277.211; 0; 0.865
25/06/2015; 259.22; 0; 0.67
26/06/2015; 230.045; 0; 0.594
27/06/2015; 197.896; 0; 0.815
28/06/2015; 161.708; 0; 0.522
29/06/2015; 136.445; 0.1; 0.526
30/06/2015; 118.176; 7.7; 0.605
01/07/2015; 103.103; 0.5; 0.648
02/07/2015; 85.849; 0; 0.54
03/07/2015; 70.171; 0; 0.561
04/07/2015; 69.099; 0.2; 0.573
05/07/2015; 66.702; 0; 0.8
06/07/2015; 66.835; 0; 0.915
07/07/2015; 67.1; 5.4; 0.598
08/07/2015; 67.233; 0.6; 0.452
09/07/2015; 122.885; 44.5; 0.618
10/07/2015; 147.066; 0.4; 0.695
11/07/2015; 148.931; 0; 0.848
12/07/2015; 135.852; 0; 0.353
13/07/2015; 170.332; 39; 0.765
14/07/2015; 381.214; 61.5; 0.358
15/07/2015; 527.872; 6.5; 0.71
16/07/2015; 597.273; 5.1; 0.565
17/07/2015; 597.273; 12.1; 0.624
18/07/2015; 584.437; 10.2; 0.693
19/07/2015; 564.603; 21.8; 0.665
20/07/2015; 589.918; 67.5; 0.458
21/07/2015; 610.277; 29.8; 0.375
22/07/2015; 621.557; 0; 0.697
23/07/2015; 610.277; 0; 0.816
24/07/2015; 577.177; 0; 0.731
25/07/2015; 512.582; 0; 0.95
26/07/2015; 430.97; 3.5; 0.687
27/07/2015; 353.64; 0.4; 0.704
28/07/2015; 282.484; 0.1; 0.576
29/07/2015; 238.738; 0; 0.971
30/07/2015; 191.532; 0.1; 1.306
31/07/2015; 164.005; 0; 0.94
01/08/2015; 140.942; 0; 1.036
02/08/2015; 120.103; 0; 1.375
03/08/2015; 105.089; 0; 1.054
04/08/2015; 97.282; 8.2; 0.705
05/08/2015; 103.542; 30.6; 0.731
06/08/2015; 99.414; 0.3; 1.141
07/08/2015; 88.227; 0; 0.869
08/08/2015; 73.28; 0; 0.978
09/08/2015; 63.932; 0; 1.119
10/08/2015; 54.783; 0; 1.1
11/08/2015; 47.816; 3.4; 1.015
12/08/2015; 43.343; 1; 0.743
13/08/2015; 39.446; 0; 1.035
14/08/2015; 36.898; 0; 1.016
15/08/2015; 34.844; 0; 1.199
16/08/2015; 34.166; 0.1; 1.366
17/08/2015; 31.819; 0.1; 0.943
18/08/2015; 31.487; 0; 0.978
19/08/2015; 35.526; 18.8; 1.265
20/08/2015; 41.324; 4.8; 1.014
21/08/2015; 44.903; 0.4; 1.308
22/08/2015; 45.264; 0; 1.209
23/08/2015; 42.153; 27.4; 1.009
24/08/2015; 40.853; 0; 0.971
25/08/2015; 38.283; 0; 1.307
26/08/2015; 43.582; 0; 0.852
27/08/2015; 94.759; 13.8; 0.82
28/08/2015; 116.811; 0; 1.064
29/08/2015; 102.884; 0; 1.089
30/08/2015; 81.399; 0; 1.404
31/08/2015; 65.776; 0; 1.124
01/09/2015; 56.05; 0.5; 1.665
02/09/2015; 49.907; 0; 1.204
03/09/2015; 42.628; 0.1; 1.275
04/09/2015; 36.898; 1.6; 1.902
05/09/2015; 34.731; 0; 1.714
06/09/2015; 34.279; 0; 1.44
07/09/2015; 34.054; 0; 1.411
08/09/2015; 33.267; 0; 1.693
09/09/2015; 31.045; 0; 1.518
10/09/2015; 26.504; 0; 1.272
11/09/2015; 49.783; 6.5; 1.759
12/09/2015; 68.298; 0; 1.438
13/09/2015; 60.931; 0; 1.635
14/09/2015; 51.644; 0; 1.324
15/09/2015; 43.942; 0; 1.757
16/09/2015; 40.382; 8; 1.787
17/09/2015; 69.501; 21.5; 1.629
18/09/2015; 152.702; 32; 1.714
19/09/2015; 198.611; 14.4; 1.725
20/09/2015; 277.211; 6.9; 1.727
21/09/2015; 354.989; 20.4; 1.966
22/09/2015; 458.807; 24.2; 1.423
23/09/2015; 486.063; 14.3; 1.746
24/09/2015; 468.319; 3.9; 1.653
25/09/2015; 487.695; 29.1; 1.919
26/09/2015; 430.97; 0.2; 1.594
27/09/2015; 398.357; 0.4; 1.752
28/09/2015; 363.15; 0; 1.686
29/09/2015; 319.634; 0; 2.221
30/09/2015; 273.728; 0; 1.857
01/10/2015; 222.309; 0; 2.022
02/10/2015; 172.697; 0; 1.997
03/10/2015; 149.556; 9.1; 1.688
04/10/2015; 131.739; 0; 2.197
05/10/2015; 112.236; 0; 1.888
06/10/2015; 96.016; 0.1; 2.153
07/10/2015; 88.627; 0; 2.315
08/10/2015; 172.358; 83.1; 2.146
09/10/2015; 280.72; 22; 2.168
10/10/2015; 404.173; 33.7; 2.386
11/10/2015; 504.204; 32.4; 2.272
12/10/2015; 514.268; 3.3; 2.481
13/10/2015; 481.184; 3.3; 2.288
14/10/2015; 432.49; 0; 2.437
15/10/2015; 461.965; 44.1; 2.157
16/10/2015; 484.433; 12.4; 2.216
17/10/2015; 502.538; 0.7; 1.678
18/10/2015; 504.204; 0; 2.562
19/10/2015; 454.095; 0; 2.206
20/10/2015; 389.729; 0; 2.497
21/10/2015; 327.299; 0.3; 2.215
22/10/2015; 386.878; 57.3; 2.416
23/10/2015; 341.635; 0.1; 2.004
24/10/2015; 317.103; 0; 2.123
25/10/2015; 299.579; 0; 2.324
26/10/2015; 282.484; 0; 2.727
27/10/2015; 237.143; 0; 2.717
28/10/2015; 192.233; 0; 2.794
29/10/2015; 159.106; 0; 2.627
30/10/2015; 129.999; 0; 2.545
31/10/2015; 112.236; 5.4; 2.798
01/11/2015; 104.646; 1.9; 2.878
02/11/2015; 96.647; 1.4; 2.533
03/11/2015; 82.738; 0; 2.972
04/11/2015; 81.781; 4.4; 2.659
05/11/2015; 115.454; 37.8; 3.079
06/11/2015; 157.169; 4.7; 2.828
07/11/2015; 160.404; 0; 2.923
08/11/2015; 156.848; 0; 3.255
09/11/2015; 150.496; 0; 3.296
10/11/2015; 139.134; 0; 3.011
11/11/2015; 134.965; 13.8; 3.04
12/11/2015; 119.55; 0.6; 3.433
13/11/2015; 108.449; 3.5; 3.642
14/11/2015; 100.059; 0; 3.217
15/11/2015; 83.703; 0; 3.233
16/11/2015; 66.305; 0; 3.286
17/11/2015; 56.559; 7.1; 3.33
18/11/2015; 61.19; 8.1; 3.039
19/11/2015; 55.542; 0; 3.344
20/11/2015; 90.644; 37.4; 3.359
21/11/2015; 101.574; 0; 3.252
22/11/2015; 79.509; 0; 3.136
23/11/2015; 64.589; 0; 3.437
24/11/2015; 52.019; 0; 3.291
25/11/2015; 43.343; 0; 3.063
26/11/2015; 35.412; 0; 2.984
27/11/2015; 35.526; 0; 3.36
28/11/2015; 35.982; 3; 3.475
29/11/2015; 36.668; 0; 3.275
30/11/2015; 35.526; 0; 3.556
01/12/2015; 32.152; 0; 3.775
02/12/2015; 31.597; 7.5; 3.498
03/12/2015; 35.298; 0.7; 3.587
04/12/2015; 37.358; 0; 3.965
05/12/2015; 37.589; 3.4; 3.388
06/12/2015; 35.754; 0; 3.419
07/12/2015; 34.731; 0; 4.075
08/12/2015; 31.819; 0; 3.564
09/12/2015; 29.295; 0; 3.801
10/12/2015; 74.538; 18.8; 3.509
11/12/2015; 87.827; 0; 4.142
12/12/2015; 70.306; 0; 3.489
13/12/2015; 63.669; 0.2; 4.448
14/12/2015; 59.379; 0; 3.864
15/12/2015; 54.53; 4.7; 3.494
16/12/2015; 49.783; 0; 3.665
17/12/2015; 42.153; 0; 3.537
18/12/2015; 35.754; 0; 3.953
19/12/2015; 36.096; 16.8; 3.729
20/12/2015; 34.844; 0; 3.98
21/12/2015; 32.932; 0; 3.882
22/12/2015; 30.277; 0; 3.359
23/12/2015; 29.512; 4.7; 3.622
24/12/2015; 41.561; 8.4; 3.426
25/12/2015; 95.596; 24.7; 3.847
26/12/2015; 109.355; 1.6; 3.989
27/12/2015; 102.446; 0; 3.655
28/12/2015; 88.827; 0; 3.718
29/12/2015; 75.444; 0; 4.176
30/12/2015; 72.745; 0.1; 4.051
31/12/2015; 64.457; 3.9; 3.917
